106
107
108
109
110
111
112
113
114
115
116
117
118
119
120
121
122
123
124
125
126
127
128
129
130
131
132
133
134
135
136
137
138
139
140
141
142
143
144
145
146
201
202
203
204
205
206
207
208
209
210
211
212
213
214
215
216
217
218
219
220
221
222
223
224
225
226
227
228
229
230
231
232
233
234
235
236
237
238
239
240
241
242
243
244
245
246
247
248
249
250
251
252
253
254
255
256
257
258
259
260
261
262
263
264
265
266
267
268
269
270
428
621
622
623
624
625
626
627
628
629
630
631
632
633
634
635
636
637
638
639
640
641
642
643
644
645
646
647
648
649
650
651
652
653
654
655
656
657
658
659
660
661
662
663
664
665
666
667
668
669
670
671
672
673
674
675
676
677
678
679
680
681
682
683
684
685
686
687
688
689
690
691
783
784
785
786
787
788
789
790
791
792
793
794
795
796
797
798
799
800
801
802
803
804
805
806
807
808
809
810
811
812
813
814
815
816
817
818
819
820
821
822
823
824
825
826
827
828
829
830
831
832
833
834
835
836
837
838
839
840
841
842
843
844
845
846
847
848
849
850
851
852
853
854
855
856
857
858
859
860
861
862
863
864
865
866
867
868
869
870
871
872
873
874
875
876
877
878
879
880
881
882
883
884
1245
1246
1247
1248
1249
1250
1251
1252
1253
1254
1255
1256
1257
1258
1259
1260
1261
1262
1263
1264
1265
1266
1267
1268
1269
1270
1271
1272
1273
1274
1275
1276
1277
1278
1279
1280
1331
1332
1333
1334
1335
1336
1337
1338
1339
1340
1341
1342
1343
1344
1345
1346
1347
1348
1349
1350
1351
1352
1353
1354
1355
1356
1357
1358
1359
1360
1361
1362
1363
1364
1365
1366
1367
1368
1369
1370
1371
1372
1373
1374
1375
1376
1377
1378
1379
1380
1381
1382
1383
1384
1385
1386
1387
1388
1389
1390
1391
1392
1393
1394
1395
1397
1610
1611
1612
1613
1614
1615
1616
1617
1628
1629
1630
1631
1632
1633
1634
1635
1636
1637
1638
1639
1640
1641
1642
1643
1644
1645
1646
1647
1648
1649
1650
1651
1652
1653
1654
1655
1656
1657
1658
1659
1738
1794
1795
1796
1797
1799
1800
1813
1814
1815
1816
1817
1818
1819
1820
1821
1822
1823
1846
2058
2061
2062
2063
2064
2065
2066
2067
2068
2069
2070
2071
2072
2073
2074
2075
2076
2077
2078
2079
2080
2081
2082
2083
2084
2085
2086
2087
2088
2089
2090
2091
2092
2093
2095
2096
2097
2098
2099
2100
2101
2102
2103
2104
2105
2107
2108
2109
2110
2111
2112
2113
2114
2115
2116
2117
2118
2119
2120
2121
2122
2123
2124
2125
2132
2230
2232
2233
2234
2235
2236
2237
2238
2239
2240
2241
2242
2243
2244
2245
2246
2247
2248
2249
2250
2251
2252
2253
2254
2255
2256
2257
2258
2259
2260
2261
2262
2263
2264
2265
2266
2267
2268
2269
2270
2271
2272
2273
2274
2275
2276
2277
2278
2279
2280
2281
2282
2283
2284
2285
2286
2287
2288
2289
2290
2291
2292
2293
2294
2295
2296
2297
2298
2299
2300
2301
2302
2303
2304
2305
2306
2307
2308
2309
2310
2311
2312
2313
2314
2315
2316
2317
2318
2319
2320
2321
2322
2323
2324
2325
2326
2327
2328
2329
2330
2331
2332
2333
2334
2335
2336
2337
2338
2339
2340
2341
2342
2343
2344
2345
2346
2347
2348
2349
2350
2351
2352
2353
2355
2356
2357
2358
2359
2604
2645
2646
2647
2648
2649
2650
2651
2652
2653
2667
2677
2678
2679
2680
2691
2692
2695
2696
2714
2715
2729
2730
2732
2733
2767
2775
2776
2777
2778
2779
2780
2781
2782
2784
2785
2786
2787
2788
2789
2790
2791
2792
2793
2794
2795
2796
2797
2798
2799
2801
2802
2803
2804
2805
2806
2807
2808
2809
2810
2811
2812
2813
2814
2815
2816
2817
2872
2879
2881
2882
2884
2885
2886
2887
2888
2889
2890
2891
2892
2893
2894
2895
2896
2897
2898
2899
2900
2901
2902
2903
2904
2905
2906
2907
2908
2909
2910
2911
2912
2913
2914
2915
2916
2917
2918
2919
2920
2921
2922
2923
2924
2925
2926
2927
2928
2929
2930
2931
2932
2933
2934
2935
2936
2937
2938
2939
2940
2941
2942
2946
3144
3190
3191
3192
3193
3194
3195
3196
3197
3198
3199
3200
3201
3276
3381
3382
3383
3389
3390
3391
3393
3394
3395
3424
3425
3430
3431
3436
3437
3439
3440
3441
3442
3449
3450
3462
3463
3464
3465
3466
3467
3492
3493
3494
3495
3496
3497
3498
3499
3500
3501
3502
3503
3504
3505
3506
3507
3508
3509
3510
3511
3512
3513
3514
3518
3529
3537
3541
3549
3555
3556
3557
3558
3559
3564
3567
3568
3569
3570
3571
3572
3573
3574
3575
3577
3578
3579
3580
3581
3582
3583
3628
3630
3635
3638
3647
3660
3662
3665
3688
3692
3703
3713
3714
3719
3720
3721
3722
3723
3724
3727
3733
3734
3735
3736
3737
3738
3745
3749
3750
3751
3752
3753
3754
3789
3816
3817
3819
3820
3822
3823
3824
3825
3827
3828
3829
3830
3831
3832
3833
3834
3835
3836
3837
3839
3840
3841
3842
3844
3845
3846
3847
3848
3849
3850
3852
3853
3854
3855
3856
3858
3859
3860
3861
3866
3869
3870
3871
3872
3873
3874
3875
3876
3877
3878
3879
3880
3881
3882
3883
3884
3885
3886
3887
3888
3889
3890
3891
3892
3893
3894
3895
3896
3897
3898
3899
3901
3902
3903
3905
3906
3907
3909
3911
3912
3913
3914
3915
3916
3917
4023
4024
4025
4033
4034
4035
4036
4037
4056
4114
4115
4191
4196
4199
4204
4205
4206
4208
4242
4246
4247
4248
4249
4250
4251
4252
4253
4254
4255
4256
4257
4271
4272
4273
4274
4275
4281
4282
4294
4295
4298
4310
4330
4337
4338
4339
4340
4358
4359
4390
4394
4395
4425
4426
4434
4435
4436
4437
4440
4441
4445
4446
4447
4448
4449
4450
4451
4452
4453
4454
4455
4456
4457
4458
4459
4460
4463
4464
4469
4470
4471
4472
4473
4474
4475
4481
4482
4483
4484
4486
4487
4495
4498
4499
4531
4532
4545
4571
4580
4588
4589
4590
4592
4593
4594
4595
4596
4597
4598
4599
4600
4601
4602
4605
4606
4607
4610
4611
4612
4613
4614
4615
4617
4618
4619
4622
4625
4626
4627
4628
4629
4636
4640
4641
4642
4643
4645
4646
4655
4656
4658
4659
4662
4663
4668
4669
4670
4673
4677
4690
4691
4704
4823
4852
4853
4854
4855
4858
4861
4863
4874
4875
4885
4886
4900
4901
4927
4928
4935
4936
4985
4986
4987
4988
4989
4990
4991
4992
4993
4994
4995
4996
5004
5005
5018
5019
5020
5021
5022
5024
5025
5027
5028
5029
5030
5034
5035
5036
5049
5050
5051
5052
5083
5084
5085
5086
5087
5090
5091
5092
5093
5094
5095
5096
5097
5098
5099
5100
5101
5102
5103
5104
5105
5106
5107
5108
5109
5110
5111
5112
5113
5114
5115
5116
5117
5119
5120
5121
5122
5123
5136
5137
5138
5150
5159
5171
5172
5179
5180
5211
5246
5253
5254
5255
5256
5261
5270
5271
5284
5296
5297
5323
5332
5333
5334
5346
5347
5353
5358
5359
5360
5361
5362
5363
5364
5365
5366
5367
5372
5373
5374
5379
5380
5381
5382
5386
5387
5388
5409
5414
5421
5425
5429
5430
5436
5437
5438
5439
5440
5442
5443
5444
5445
5446
5447
5448
5455
5461
5462
5463
5465
5466
5468
5470
5473
5479
5481
5482
5483
5484
5489
5490
5491
5492
5506
5510
5522
5564
5565
5566
5591
5616
5623
5624
5626
5641
5642
5643
5644
5645
5646
5656
5657
5658
5755
5756
5789
5790
5791
5792
5796
5797
5798
5799
5800
5808
5809
5810
5819
5820
5821
5822
5832
5839
5842
5843
5850
5859
5860
5877
5878
5879
5884
5885
5892
5902
5906
5920
5924
5925
5926
5929
5945
5952
5954
5960
5966
5982
5987
5988
5994
5995
5996
5997
6001
6002
6003
6004
6006
6007
6008
6009
6010
6011
6012
6014
6015
6018
6020
6021
6022
6026
6027
6031
6034
6035
6036
6057
6071
6072
6084
6094
6105
6106
6120
6121
6127
6128
6131
6132
6135
6136
6137
6138
6141
6143
6146
6147
6148
6151
6156
6157
6158
6161
6162
6165
6166
6167
6168
6170
6171
6172
6174
6175
6176
6177
6178
6179
6183
6184
6185
6186
6196
6197
6201
6202
6212
6214
6215
6216
6220
6221
6222
6223
6224
6226
6232
6233
6234
6235
6236
6237
6238
6244
6250
6264
6265
6266
6270
6296
6297
6303
6304
6305
6353
6354
6373
6374
6391
6401
6402
6403
6409
6410
6446
6453
6454
6462
6471
6519
6520
6550
6551
6552
6553
6554
6555
6571
6572
6578
6579
6580
6581
6584
6585
6605
6606
6610
6611
6613
6624
6625
6630
6631
6635
6636
6639
6640
6641
6642
6643
6658
6659
6674
6675
6676
6677
6685
6686
6687
6688
6689
6693
6694
6695
6696
6697
6698
6699
6700
6701
6702
6703
6704
6705
6706
6707
6708
6709
6710
6716
6717
6718
6719
6722
6723
6724
6725
6727
6728
6739
6740
6742
6755
6756
6761
6771
6775
6776
6779
6780
6788
6789
6792
6793
6795
6796
6823
6832
6833
6834
6835
6844
6845
6846
6864
6865
6873
6876
6877
6878
6882
6883
6886
6896
6897
6906
6908
6909
6910
6911
6912
6913
6917
6918
6922
6923
6924
6939
6940
6941
6942
6943
6944
6951
6954
6955
6956
6965
6966
6969
6974
6975
6976
6986
6993
7000
7001
7002
7003
7005
7006
7007
7008
7009
7015
7017
7018
7038
7039
7040
7041
7042
7044
7045
7046
7047
7051
7052
7053
7054
7055
7056
7057
7069
7070
7071
7072
7073
7074
7075
7078
7079
7080
7094
7095
7096
7102
7103
7104
7137
7138
7148
7175
7185
7186
7187
7196
7198
7199
7201
7202
7203
7207
7211
7217
7218
7219
7229
7230
7231
7236
7237
7243
7244
7245
7282
7283
7289
7290
7291
7299
7300
7301
7302
7303
7304
7305
7306
7307
7308
7309
7316
7324
7325
7333
7335
7340
7342
7343
7349
7350
7351
7354
7355
7381
7382
7383
7386
7387
7388
7397
7400
7408
7410
7411
7426
7427
7428
7429
7430
7431
7436
7437
7459
7460
7461
7462
7469
7481
7482
7484
7485
7492
7493
7498
7499
7504
7505
7506
7507
7518
7526
7528
7531
7532
7537
7538
7543
7550
7555
7564
7565
7588
7589
7590
7591
7597
7600
7601
7604
7612
7613
7617
7618
7619
7623
7627
7633
7634
7635
7636
7653
7654
7655
7657
7659
7660
7663
7664
7665
7666
7671
7672
7673
7676
7677
7685
7696
7701
7709
7710
7713
7719
7720
7735
7736
7789
7812
7813
7819
7820
7878
7884
7891
7892
7904
7912
7913
7916
7917
7920
7921
7922
7923
7932
7933
7934
7935
7949
7950
7952
7969
7970
7971
7985
7986
8000
8001
8002
8018
8019
8020
8021
8022
8026
8027
8029
8030
8031
8032
8061
8062
8063
8064
8065
8083
8099
8100
8101
8103
8133
8134
8138
8139
8140
8141
8151
8152
8159
8160
8161
8162
8168
8169
8192
8193
8196
8197
8204
8205
8214
8215
8216
8217
8226
8227
8249
8250
8251
8259
8260
8267
8268
8274
8275
8276
8277
8281
8282
8283
8284
8285
8293
8294
8295
8296
8297
8298
8299
8300
8301
8302
8305
8306
8318
8319
8320
8327
8333
8334
8335
8336
8337
8347
8348
8368
8369
8384
8387
8388
8399
8400
8401
8405
8406
8424
8425
8430
8431
8432
8468
8469
8470
8475
8478
8493
8494
8495
8496
8497
8504
8505
8506
8508
8514
8520
8522
8524
8527
8528
8529
8530
8531
8532
8554
8555
8557
8558
8559
8580
8581
8582
8583
8589
8590
8591
8592
8593
8597
8603
8604
8605
8610
8611
8612
8613
8614
8615
8616
8619
8620
8625
8626
8627
8631
8642
8643
8644
8658
8664
8665
8669
8672
8673
8674
8677
8681
8682
8703
8704
8705
8714
8716
8717
8718
8731
8732
8733
8750
8756
8757
8758
8765
8792
8793
8797
8798
8807
8808
8815
8819
8820
8821
8822
8823
8826
8832
8833
8837
8838
8845
8846
8847
8854
8858
8873
8893
8937
8938
8939
8946
8954
8955
8956
8957
8958
8967
8977
8979
8988
8996
9006
9017
9018
9024
9025
9028
9029
9038
9040
9042
9054
9055
9059
9060
9061
9062
9064
9067
9068
9076
9077
9079
9092
9096
9097
9104
9116
9120
9122
9123
9124
9125
9131
9132
9140
9143
9144
9145
9146
9152
9153
9160
9161
9164
9171
9172
9174
9185
9207
9212
9213
9214
9223
9224
9226
9229
9234
9235
9246
9247
9248
9249
9252
9254
9255
9256
9264
9266
9269
9270
9279
9280
9286
9287
9290
9291
9297
9299
9300
9301
9303
9304
9309
9310
9312
9313
9314
9319
9322
9329
9330
9334
9335
9337
9340
9348
9349
9350
9357
9358
9363
9364
9365
9366
9374
9376
9386
9387
9418
9428
9429
9478
9479
9480
9481
9503
9517
9518
9519
9520
9523
9524
9525
9533
9538
9550
9553
9554
9555
9575
9576
9583
9584
9587
9588
9605
9606
9618
9621
9622
9626
9627
9635
9636
9643
9664
9665
9669
9676
9677
9678
9679
9690
9691
9696
9697
9704
9705
9710
9720
9721
9723
9725
9731
9732
9753
9754
9777
9778
9779
9780
9795
9796
9797
9799
9800
9803
9805
9806
9820
9821
9822
9844
9845
9856
9857
9866
9867
9881
9882
9898
9917
9918
9919
9934
9935
9954
9955
9956
9960
9961
9962
9963
9967
9968
9969
9970
9971
9979
9980
9992
9993
9994
9995
10016
10027
10032
10036
10042
10049
10050
10051
10052
10053
10056
10058
10073
10080
10081
10088
10089
10095
10096
10100
10103
10104
10113
10115
10116
10118
10119
10120
10126
10127
10128
10129
10130
10131
10136
10139
10140
10141
10151
10152
10153
10157
10158
10159
10163
10164
10168
10171
10172
10173
10183
10184
10193
10194
10196
10197
10199
10200
10201
10208
10209
10210
10211
10212
10213
10214
10215
10217
10218
10220
10224
10225
10234
10235
10246
10247
10248
10249
10250
10257
10261
10266
10267
10268
10294
10308
10309
10310
10321
10322
10328
10338
10339
10340
10341
10342
10343
10344
10345
10346
10355
10356
10361
10362
10363
10364
10366
10378
10382
10383
10392
10408
10414
10416
10417
10418
10441
10442
10443
10451
10452
10453
10468
10470
10474
10475
10476
10487
10488
10495
10497
10510
10518
10523
10524
10525
10537
10552
10566
10584
10585
10586
10587
10588
10589
10599
10600
10601
10613
10615
10616
10617
10618
10619
10625
10626
10632
10637
10638
10639
10640
10641
10642
10647
10648
10649
10650
10652
10654
10655
10666
10667
10669
10676
10682
10687
10692
10693
10694
10695
10696
10697
10698
10702
10714
10715
10719
10726
10729
10730
10731
10732
10733
10734
10735
10736
10737
10740
10743
10744
10746
10747
10751
10756
10757
10774
10775
10781
10788
10795
10796
10797
10806
10807
10823
10827
10850
10860
10863
10866
10870
10871
10875
10878
10879
10885
10889
10891
10895
10896
10900
10908
10909
10910
10911
10912
10914
10917
10919
10920
10932
10933
10938
10940
10941
10942
10949
10955
10957
10958
10972
10973
10979
10980
10985
10993
10998
10999
11021
11028
11029
11032
11089
11095
11102
11103
11104
11118
11136
11137
11138
11139
11154
11155
11159
11170
11171
11182
11183
11184
11188
11191
11202
11203
11217
11218
11232
11261
11262
11268
11269
11270
11274
11281
11284
11285
11286
11287
11291
11292
11298
11299
11330
11331
11341
11349
11350
11356
11357
11360
11361
11382
11383
11384
11389
11390
11391
11392
11416
11417
11418
11426
11427
11428
11429
11430
11431
11432
11433
11451
11457
11458
11461
11467
11468
11469
11472
11473
11493
11496
11530
11531
11534
11535
11555
11556
11557
11558
11578
11579
11591
11592
11596
11597
11609
11610
11633
11639
11642
11643
11644
11645
11649
11650
11651
11656
11657
11670
11679
11692
11693
11699
11701
11710
11716
11719
11725
11726
11727
11728
11729
11733
11741
11742
11743
11748
11750
11754
11758
11759
11760
11761
11785
11787
11791
11792
11798
11801
11802
11811
11816
11817
11824
11829
11830
11845
11846
11853
11854
11855
11856
11861
11874
11878
11884
11889
11890
11927
11934
11935
11936
11944
11945
11946
11947
11955
11957
11983
11984
11985
11986
11989
11991
12001
12002
12003
12011
12014
12015
12016
12032
12050
12051
12055
12056
12057
12062
12063
12064
12066
12067
12068
12069
12070
12074
12083
12084
12110
12111
12130
12131
12136
12137
12138
12154
12155
12156
12160
12161
12162
12165
12173
12174
12181
12182
12183
12184
12198
12207
12208
12213
12216
12221
12226
12227
12231
12232
12233
12239
12240
12253
12254
12279
12287
12288
12290
12291
12293
12295
12302
12303
12305
12306
12307
12310
12313
12314
12328
12329
12330
12333
12334
12336
12337
12340
12342
12344
12345
12349
12350
12351
12353
12354
12359
12360
12361
12369
12373
12374
12379
12380
12384
12385
12388
12389
12390
12391
12394
12395
12398
12404
12410
12411
12415
12416
12420
12421
12422
12429
12432
12433
12439
12440
12441
12442
12443
12444
12446
12447
12475
12476
12477
12489
12498
12499
12509
12510
12511
12512
12513
12514
12524
12525
12533
12535
12547
12566
12570
12580
12581
12582
12589
12611
12612
12624
12628
12629
12630
12663
12665
12672
12678
12679
12680
12681
12697
12698
12708
12709
12710
12713
12720
12730
12736
12737
12746
12747
12769
12770
12817
12818
12819
12825
12826
12827
12839
12853
12856
12857
12858
12859
12877
12878
12879
12880
12884
12885
12886
12888
12889
12898
12901
12912
12913
12925
12926
12939
12940
12942
12945
12955
12956
12963
12964
12972
12973
13002
13017
13018
13019
13020
13032
13046
13047
13053
13056
13057
13058
13059
13060
13061
13062
13063
13073
13074
13094
13095
13101
13103
13117
13118
13123
13124
13149
13151
13155
13163
13164
13166
13168
13169
13170
13183
13208
13209
13210
13211
13215
13227
13228
13229
13235
13241
13255
13263
13265
13275
13280
13289
13290
13294
13298
13300
13302
13303
13304
13305
13309
13310
13311
13314
13319
13320
13328
13340
13348
13376
13377
13380
13381
13402
13411
13421
13432
13433
13437
13438
13439
13440
13441
13442
13451
13459
13460
13461
13464
13467
13475
13497
13507
13508
13509
13513
13514
13520
13521
13522
13537
13538
13540
13543
13544
13545
13553
13554
13564
13565
13570
13571
13581
13584
13585
13587
13590
13605
13610
13611
13612
13617
13620
13621
13624
13631
13647
13654
13655
13656
13657
13665
13667
13673
13677
13696
13697
13700
13715
13718
13719
13732
13734
13735
13736
13738
13744
13745
13746
13751
13756
13757
13776
13777
13779
13780
13788
13789
13790
13796
13808
13819
13820
13822
13823
13834
13842
13843
13844
13852
13861
13865
13866
13874
13879
13884
13885
13899
13900
13906
13916
13917
13920
13926
13927
13936
13937
13938
13940
13941
13942
13951
13952
13958
13959
13979
13980
13981
13982
13983
13984
13988
13989
14005
14008
14009
14010
14018
14019
14030
14031
14039
14048
14049
14050
14060
14061
14062
14065
14085
14090
14091
14093
14105
14106
14107
14119
14131
14132
14139
14140
14141
14154
14180
14181
14195
14196
14204
14205
14206
14207
14230
14231
14241
14242
14272
14278
14279
14280
14297
14310
14311
14312
14313
14314
14315
14323
14324
14329
14335
14336
14337
14354
14374
14392
14398
14404
14405
14416
14424
14430
14433
14436
14444
14445
14446
14449
14450
14452
14462
14463
14470
14482
14483
14495
14503
14513
14515
14518
14519
14520
14530
14534
14535
14536
14540
14546
14547
14549
14550
14554
14558
14569
14573
14583
14588
14589
14599
14607
14619
14622
14623
14641
14646
14653
14661
14662
14663
14675
14676
14682
14686
14692
14694
14695
14696
14701
14708
14709
14710
14711
14719
14725
14727
14730
14738
14739
14740
14741
14747
14754
14757
14780
14781
14786
14787
14797
14802
14804
14806
14822
14828
14829
14830
14831
14832
14833
14837
14838
14839
14849
14852
14863
14883
14899
14905
14909
14910
14914
14921
14922
14923
14948
14949
14951
14956
14957
14980
14989
14993
14997
15014
15016
15020
15023
15032
15042
15043
15057
15058
15061
15062
15063
15064
15072
15077
15080
15082
15085
15087
15091
15097
15104
15111
15112
15113
15116
15142
15154
15155
15157
15158
15160
15163
15165
15173
15178
15179
15186
15187
15188
15194
15195
15209
15210
15212
15227
15241
15242
15243
15246
15247
15260
15261
15288
15290
15303
15304
15309
15310
15311
15316
15317
15318
15336
15337
15338
15340
15341
15347
15352
15359
15360
15361
15362
15366
15376
15377
15381
15382
15383
15392
15394
15401
15416
15417
15420
15423
15429
15430
15438
15441
15455
15456
15457
15458
15472
15479
15482
15483
15485
15486
15487
15492
15493
15524
15525
15551
15552
15553
15554
15558
15561
15568
15569
15582
15583
15594
15595
15596
15607
15608
15619
15623
15624
15646
15647
15696
15704
15705
15709
15730
15733
15747
15748
15749
15750
15753
15756
15768
15788
15791
15792
15798
15799
15802
15803
15804
15810
15813
15816
15835
15839
15840
15916
15917
15933
15937
15949
15950
15951
15953
15954
15964
15965
15993
15994
16003
16012
16025
16026
16027
16031
16032
16033
16043
16049
16063
16071
16077
16078
16079
16080
16084
16089
16094
16114
16116
16117
16118
16127
16153
16169
16170
16174
16175
16183
16192
16194
16196
16197
16198
16218
16221
16223
16224
16225
16226
16240
16243
16248
16249
16255
16256
16257
16260
16265
16286
16300
16301
16302
16303
16309
16310
16311
16317
16320
16325
16326
16327
16328
16335
16346
16347
16358
16359
16361
16383
16391
16392
16400
16402
16406
16412
16418
16421
16429
16431
16440
16456
16457
16487
16499
16510
16511
16512
16515
16525
16533
16543
16544
16553
16554
16555
16556
16562
16563
16586
16587
16588
16617
16618
16631
16635
16650
16655
16662
16665
16666
16667
16668
16669
16670
16676
16677
16699
16700
16701
16702
16713
16714
16715
16719
16748
16750
16751
16762
16786
16794
16795
16804
16816
16821
16847
16850
16854
16864
16881
16882
16886
16887
16888
16889
16890
16893
16898
16900
16902
16912
16916
16917
16918
16921
16927
16928
16929
16935
16940
16941
16944
16978
16979
17015
17021
17022
17023
17024
17026
17032
17033
17053
17056
17058
17066
17069
17070
17072
17079
17084
17085
17086
17087
17088
17101
17102
17104
17105
17106
17109
17150
17151
17192
17210
17214
17215
17219
17224
17231
17232
17233
17260
17265
17266
17281
17282
17320
17327
17328
17329
17330
17334
17340
17342
17351
17352
17353
17355
17363
17364
17365
17371
17387
17401
17402
17403
17417
17418
17433
17434
17444
17445
17450
17455
17464
17469
17475
17476
17488
17489
17544
17551
17552
17555
17556
17573
17575
17576
17577
17581
17582
17600
17604
17615
17616
17625
17632
17634
17648
17661
17665
17712
17717
17729
17730
17731
17756
17757
17769
17772
17773
17776
17777
17785
17788
17795
17796
17797
17803
17804
17806
17807
17808
17818
17824
17832
17836
17838
17839
17841
17844
17852
17853
17862
17875
17958
17964
17968
17972
17980
17991
17995
18009
18016
18022
18039
18061
18076
18091
18103
18107
18108
18113
18126
18128
18135
18137
18138
18142
18144
18149
18173
18189
18205
18206
18218
18219
18221
18235
18241
18247
18252
18253
18254
18258
18259
18277
18278
18279
18310
18314
18315
18316
18326
18327
18328
18338
18358
18367
18372
18373
18374
18377
18379
18385
18386
18397
18398
18406
18430
18431
18474
18475
18480
18487
18492
18525
18537
18538
18543
18563
18564
18565
18567
18579
18580
18581
18582
18587
18592
18593
18600
18612
18623
18631
18643
18644
18716
18728
18732
18743
18751
18761
18762
18766
18780
18781
18786
18794
18795
18819
18820
18830
18908
18943
18966
18972
18973
18979
18982
18992
19029
19030
19036
19050
19086
19100
19105
19112
19113
19131
19132
19180
19181
19182
19188
19191
19193
19194
19195
19197
19201
19208
19213
19214
19215
19236
19237
19246
19247
19255
19257
19275
19276
19277
19326
19337
19354
19362
19371
19372
19379
19380
19395
19398
19406
19426
19448
19462
19471
19487
19500
19520
19521
19534
19535
19536
19550
19559
19570
19571
19593
19600
19604
19605
19625
19626
19627
19650
19651
19652
19661
19662
19676
19680
19703
19734
19735
19771
19772
19800
19801
19803
19804
19805
19811
19840
19841
19865
19891
19901
19913
19921
19933
19964
19975
19981
19984
19990
20004
20006
20019
20020
20030
20039
20061
20062
20063
20080
20081
20091
20112
20132
20133
20166
20167
20168
20198
20265
20274
20277
20280
20317
20318
20338
20339
20340
20389
20390
20399
20400
20409
20421
20429
20432
20433
20440
20445
20447
20448
20459
20480
20482
20486
20507
20508
20509
20510
20511
20542
20568
20569
20570
20583
20584
20590
20604
20635
20636
20652
20653
20661
20716
20720
20721
20732
20733
20745
20757
20758
20778
20792
20793
20794
20795
20800
20871
20888
20889
20893
20899
20905
20906
20907
20943
20959
20960
20985
20993
21001
21002
21016
21019
21026
21047
21048
21049
21050
21051
21052
21116
21118
21144
21152
21177
21197
21198
21199
21202
21217
21243
21244
21245
21260
21276
21280
21283
21284
21300
21305
21312
21313
21320
21321
21346
21351
21352
21368
21369
21378
21382
21393
21399
21400
21403
21408
21409
21420
21421
21449
21450
21471
21472
21499
21500
21516
21517
21518
21538
21539
21601
21615
21616
21648
21661
21665
21683
21703
21710
21714
21716
21722
21724
21728
21729
21730
21750
21754
21785
21787
21802
21828
21836
21837
21860
21861
21874
21880
21901
21919
21920
21921
21927
21928
21929
21930
21939
21940
21969
21991
22035
22036
22040
22050
22072
22081
22084
22113
22114
22119
22128
22129
22137
22154
22158
22164
22176
22177
22211
22228
22229
22260
22284
22305
22306
22307
22328
22340
22362
22363
22366
22388
22403
22404
22405
22406
22446
22473
22477
22478
22479
22483
22488
22493
22510
22518
22525
22526
22540
22541
22542
22556
22573
22602
22612
22621
22639
22645
22646
22655
22670
22671
22675
22676
22690
22735
22752
22763
22782
22795
22815
22820
22821
22837
22852
22853
22872
22875
22878
22905
22906
22911
22912
22913
22921
22939
22944
22945
22946
22960
22969
22970
22980
22981
23026
23038
23045
23050
23080
23094
23104
23105
23112
23113
23127
23128
23194
23195
23207
23208
23226
23244
23280
23281
23282
23284
23285
23296
23300
23301
23312
23324
23340
23360
23361
23367
23370
23374
23381
23389
23422
23423
23433
23434
23436
23440
23441
23442
23446
23447
23448
23488
23520
23533
23536
23549
23572
23613
23620
23634
23635
23637
23650
23663
23665
23706
23707
23713
23716
23728
23729
23730
23753
23807
23808
23812
23815
23817
23818
23819
23860
23861
23903
23919
23929
23930
23931
24001
24024
24025
24026
24030
24038
24039
24042
24062
24094
24121
24122
24132
24135
24139
24140
24141
24142
24147
24169
24181
24215
24224
24225
24235
24241
24242
24261
24262
24263
24283
24290
24312
24336
24337
24347
24348
24357
24371
24374
24386
24391
24396
24397
24408
24429
24430
24438
24456
24470
24471
24472
24473
24481
24487
24488
24528
24529
24556
24557
24574
24613
24614
24615
24634
24635
24656
24657
24665
24676
24677
24678
24679
24702
24703
24707
24708
24718
24726
24733
24741
24742
24743
24752
24775
24869
24870
24871
24872
24901
24903
24905
24937
24942
24967
24968
24971
24978
24989
25000
25022
25023
25062
25063
25071
25103
25119
25127
25135
25205
25227
25276
25277
25279
25293
25311
25313
25321
25326
25327
25328
25380
25384
25385
25392
25405
25409
25410
25411
25435
25436
25444
25452
25453
25454
25455
25456
25457
25458
25521
25526
25530
25539
25547
25552
25568
25579
25587
25592
25595
25596
25597
25598
25599
25626
25635
25647
25694
25698
25708
25748
25749
25752
25779
25783
25791
25830
25860
25861
25862
25869
25881
25882
25883
25903
25906
25910
25932
25938
25946
25950
25951
25996
26011
26012
26013
26016
26021
26038
26058
26059
26060
26107
26108
26146
26153
26164
26190
26200
26245
26288
26289
26302
26307
26312
26313
26370
26379
26385
26432
26447
26448
26449
26482
26483
26509
26511
26512
26520
26527
26528
26530
26566
26567
26611
26658
26670
26686
26687
26694
26715
26720
26721
26722
26745
26760
26771
26803
26808
26809
26819
26820
26868
26900
26901
26947
26971
27012
27013
27018
27042
27063
27069
27092
27124
27126
27130
27158
27183
27240
27241
27242
27264
27288
27291
27333
27344
27345
27364
27377
27378
27383
27384
27395
27471
27494
27495
27551
27553
27577
27646
27691
27705
27716
27717
27718
27757
27780
27823
27833
27839
27840
27868
27894
27913
27933
27981
27995
28030
28092
28114
28153
28192
28223
28224
28268
28293
28303
28341
28349
28350
28408
28506
28519
28553
28563
28577
28629
28657
28661
28825
28885
28886
29157
29158
29388
29492
29564
29689
29747
29748
29848
30029
30283
30529
30549
30635
30710
30880
30888
30914
31303
31312
31459
31460
31461
31600
31601
31812
31948
31950
32013
32021
32060
32091
32162
32309
32310
32668
32802
32832
32834
33172
33318
33319
33320
33675
33840
33867
33989
33991
34066
34278
34424
34426
34455
34507
34509
34666
34717
34718
34720
34737
35127
35165
35186
35372
35424
35425
35533
35659
35770
35771
35935
36004
36167
36246
36342
36346
36570
36692
36882
36911
37143
37146
37156
37185
37418
37472
37473
37578
37580
37694
37959
38038
38100
38170
38316
38317
38327
38583
38649
38718
38843
38927
38935
39270
39289
39424
39490
39526
39556
39627
39668
39746
39782
39828
39863
39883
39906
39963
39976
40043
40123
40124
40132
40188
40209
40232
40293
40302
40348
40388
40390
40426
40427
40438
