1154
1953
2532
2541
2542
2559
2562
2566
2571
2578
2581
2583
2584
2585
2587
2592
2593
2597
2600
2608
2618
2621
2622
2626
2633
2643
2646
2647
2660
2661
2672
2675
2681
2697
2702
2704
2708
2712
2714
2723
2725
2731
2742
2744
2748
2750
2755
2761
2766
2780
2782
2783
2796
2803
2804
2805
2812
2813
2820
2824
2827
2838
2845
2846
2848
2862
2890
2894
2898
2901
2903
2909
2930
2939
2940
2942
2947
2952
2953
2955
2957
2960
2961
2964
2966
2967
2973
2974
2999
3006
3007
3008
3027
3036
3048
3055
3069
3075
3079
3100
3109
3113
3123
3130
3136
3145
3148
3150
3151
3153
3163
3164
3168
3172
3176
3183
3186
3190
3199
3201
3218
3223
3228
3237
3243
3246
3254
3259
3266
3269
3274
3290
3291
3296
3297
3298
3305
3310
3312
3314
3319
3324
3327
3328
3329
3333
3334
3335
3339
3344
3348
3350
3358
3360
3365
3381
3389
3397
3402
3406
3416
3421
3423
3426
3427
3432
3442
3443
3445
3451
3453
3455
3456
3457
3459
3463
3464
3470
3481
3483
3484
3490
3491
3497
3498
3500
3503
3505
3507
3509
3516
3519
3524
3527
3529
3535
3538
3543
3544
3548
3550
3551
3564
3566
3580
3583
3584
3586
3596
3598
3600
3606
3609
3612
3613
3619
3620
3624
3626
3629
3630
3636
3637
3640
3645
3660
3661
3667
3668
3670
3676
3679
3685
3709
3711
3716
3719
3722
3729
3746
3747
3751
3758
3759
3774
3778
3782
3789
3790
3792
3802
3812
3872
3884
4946
8986
12278
12835
13859
14169
14315
14336
14491
14574
14734
14897
15350
15399
15457
15554
15595
15607
15665
15783
15870
16318
16728
16958
17035
17067
17443
17452
17469
17652
17677
17758
17776
17799
17873
17880
17882
17884
17920
17971
17987
18075
18137
20725
21822
24039
24291
25209
28133
30842
31437
32787
33967
34148
35610
36563
36843
36890
37107
37626
38634
39050
41029
41592
44643
57034
58405
84358
84410
95491
96690
96989
97450
106337
118259
123086
131274
134729
135911
135931
135939
135955
135957
135981
136007
136098
136212
136386
136535
136836
136867
136931
137053
137223
137258
137376
137415
137487
137550
137580
137817
138034
138069
138600
138692
138697
139187
139318
139360
139414
139599
139631
139666
139821
139893
140071
140077
140209
140317
140321
140349
140420
140657
140755
140910
140985
141174
141273
141309
141316
141347
141651
141670
141959
141996
142003
142333
142339
142461
142569
143223
143347
143361
143685
143705
143819
143927
144130
144187
144736
144753
144763
144798
144933
145130
145836
145869
145878
145888
146105
146230
146354
146486
146512
146604
146609
146802
146952
147123
147164
147181
147189
147216
147270
147274
147308
147631
147669
147788
147827
148237
148768
148840
148842
148991
149313
149446
149532
149626
149634
149638
149691
149795
149909
150016
150139
150232
150328
150362
150553
150584
150844
150973
151067
151077
151104
151161
151297
151358
151821
151830
152068
152171
152317
152358
152572
152679
152769
152782
153055
153100
153231
153412
153442
153451
153482
153538
153553
153643
153649
153675
153721
153758
153783
153793
153811
153960
153985
154182
154518
154530
154626
155017
155205
155212
155455
155477
155483
155488
155622
155694
155806
155833
155865
156115
156209
156223
156247
156261
156426
156464
156465
156624
156667
156856
156939
157470
157474
157510
157697
157795
157868
157912
157936
157961
158124
158791
158936
158975
159205
159320
159648
159803
159873
160614
160616
160690
160901
160920
160959
161109
161202
161219
161277
161651
161652
161821
161942
161975
161976
162001
162081
162297
162610
162792
162847
162865
162925
163190
163402
163749
163810
163867
164016
164075
164076
164121
164148
164269
164420
164443
164446
164545
164599
164609
164678
164739
164911
164925
165080
165091
165233
165291
165301
165323
165572
165694
165699
165737
165773
165874
166376
166556
166727
166757
166815
166900
166961
167125
167160
167185
167230
167271
167274
167453
167588
167606
167675
167685
168111
168370
168503
168723
168874
169207
169610
169676
169716
169779
169802
169868
169887
169910
169939
170012
170195
170257
170419
170435
170451
170565
170741
170748
170790
170862
170964
170982
171095
171161
171606
171679
171853
171854
172169
172244
172253
172418
172434
172464
172472
172520
172526
172567
172623
172651
172676
172686
172751
172761
172907
172934
172936
173207
173210
173300
173357
173422
173661
173698
173726
173789
173835
173877
174152
174184
174322
174447
174610
174617
174662
174763
174884
174915
175063
175146
175149
175236
175277
175326
175394
175608
191740
193982
194381
194526
195095
195755
195997
198535
206309
206437
212546
212718
214678
245820
245963
305534
317929
319640
355200
355317
355481
357189
357447
360044
360321
360845
360929
362285
363014
364988
367317
368036
368438
369695
369781
370133
370149
370316
373831
375541
379168
379270
379341
379949
380958
389224
391479
391488
411465
424700
424750
424764
424836
424844
424873
424879
424891
424969
424977
424980
424983
424994
425006
426214
430240
430310
430352
430365
430378
430398
430407
430446
430487
430497
430528
431366
431392
431452
431503
431565
431611
431625
432340
432438
432481
432511
432519
432520
432660
432665
433406
433472
433487
433569
433594
434099
434270
434678
435866
435885
436066
453905
462849
462870
462936
462980
463178
463266
464009
464040
464042
464138
464232
464295
464318
464337
465098
465103
465118
465123
465355
466048
466115
466349
466384
466740
466891
466894
467183
467565
469301
478189
478391
478636
479890
480119
480237
480278
480840
480871
480880
481581
482470
482867
484044
484720
485892
486579
488423
488771
488846
489025
489349
489545
489813
490343
491385
491471
491984
491998
492000
492005
492190
494269
494274
494607
494626
495275
495276
495555
495623
495625
495970
495981
496233
497100
498801
500243
500784
500825
501042
501354
501365
501672
501690
506162
507004
507546
507697
507828
508621
511290
511291
511295
511335
511339
511342
511842
511900
512252
512261
512844
514460
514475
514572
514573
514726
514935
515084
515094
517370
517724
518409
518578
518631
519472
520101
520293
522672
523187
525670
525672
525673
525674
526393
527386
527954
528921
528956
529266
529294
529343
529871
530147
531109
531113
531505
532776
532811
534408
535256
535259
535583
535758
537460
537548
541226
541229
542378
543039
543040
543051
543693
543696
543705
544532
545546
545873
545955
547433
548410
548428
549227
549232
549309
549313
549778
549781
550573
550636
550999
551002
551007
552122
552787
555112
555122
555546
556865
557369
557778
557797
557883
558076
558620
559682
560193
561503
562144
562146
563610
563827
563862
563898
563933
564095
564208
564235
564255
564368
564587
564936
564964
564965
565053
565268
565349
565452
565488
565779
565780
565794
565803
565912
566148
566176
566321
566395
566397
566440
566449
566628
566835
567089
567452
567462
567514
567587
567880
567883
568084
568113
568146
568152
568166
568172
568295
568481
568526
568569
568655
568706
568780
568965
568999
569012
569088
569109
569164
569289
569312
569480
569624
569683
570043
570080
570164
570323
570407
570609
570610
570676
570699
571122
571131
571165
571215
571351
571367
571423
571430
571436
571498
571649
571662
571680
571687
571741
571772
572077
572302
572307
572349
572351
572364
572385
572408
572527
572541
572606
572628
572759
572870
573036
573388
573448
573462
573564
573743
573749
573900
574017
574036
574052
574055
574093
574170
574266
574370
574419
574441
574471
574495
574584
574711
574743
574767
574809
574821
574826
574833
575157
575537
575830
575842
575850
575915
575948
575989
575993
576135
576259
576289
576555
576683
576710
576731
576817
576919
576986
577050
577051
577061
577257
577554
577590
577628
577633
577637
577658
577780
577812
577831
577843
577892
578162
578223
578300
578302
578358
578372
578390
578395
578622
578665
579059
579096
579283
579288
579808
579874
579926
579966
580042
580486
580566
580630
580683
580689
580732
580744
580829
580874
581010
581015
581069
581078
581264
581344
581461
581489
581530
581771
581838
582116
582127
582160
582255
582273
582276
582291
582293
582399
582464
582466
582591
582593
582609
582618
582654
582717
582917
583007
583010
583045
583047
583354
583432
583540
583567
583577
583790
584067
584405
584468
584520
584609
584665
584739
584761
584887
585024
585062
585117
585143
585270
585360
585444
585466
585467
585468
585486
585529
585551
585661
585691
586263
586303
586374
586416
586609
586741
586779
586932
586999
587004
587007
587216
587283
587379
587447
587767
587921
587983
587989
588173
588287
588288
588372
588579
588659
588828
588987
589330
589395
589440
589484
589511
589525
589720
589739
589801
589821
589933
589960
589994
590016
590500
590584
590587
590701
591072
591110
591128
591552
591614
591638
591815
591821
591941
591982
591988
592136
592168
592170
592200
592665
592679
592728
592880
592994
593034
593056
593166
593167
593169
593327
593394
593648
593657
593745
593779
593803
593852
593881
593952
594004
594217
594596
594668
594677
594829
594925
595265
595365
595623
595653
595691
595722
595758
595914
595957
596036
596038
596714
596855
596857
597022
597166
597176
597183
597198
597227
597257
597336
597343
597355
597570
597610
597821
597892
597893
598045
598055
598204
598212
598237
598604
598698
598893
599078
599110
599266
599323
599353
599475
599490
599491
599527
599533
599679
599689
599710
599716
599735
599891
600227
600698
600699
600836
600929
601074
601151
601308
601331
601358
601527
601671
601699
601701
601711
601804
601831
602022
614282
617737
617835
617851
617936
628903
629196
629935
629953
629964
629979
629980
629994
629996
630003
630099
630118
630126
630149
630150
630151
630158
630208
630231
630234
630303
630305
630367
630402
630482
630486
630539
630540
630735
630744
630928
630961
630963
631041
631061
631064
631153
631204
631215
631295
631345
631461
631507
631535
631659
631666
631680
631772
631796
631849
631868
631899
631947
632140
632173
632199
632258
632313
632329
632549
632550
633444
633784
636820
636843
636844
637754
637852
638355
652686
652942
653806
654630
654765
654773
660450
660513
660675
664512
664526
675816
675845
675866
675893
676170
676337
676350
676460
676753
676763
677019
677050
677131
677200
677303
677368
677378
677394
677683
677703
677730
677856
678043
678050
678084
678223
678257
678373
678621
679153
679205
679206
682158
682420
685046
696109
697645
698640
701114
701208
701317
703035
707129
707783
711579
714581
714687
724053
725509
740351
741906
742452
750530
751116
753412
753422
753454
753954
754882
754986
755021
755063
761731
761732
761802
762603
773551
776084
777356
778417
779855
782466
785125
789251
790535
790746
792907
796084
805275
805951
813976
814076
817438
817554
817640
819963
820040
820115
828978
829043
832766
840765
845121
845127
845165
845170
845180
845190
845205
845271
845373
845474
847686
850638
850646
850647
850681
850683
850700
850723
850747
850775
850800
850806
850810
850831
850857
850878
850888
850907
850933
851249
851702
851707
851713
851750
851759
851760
851773
851780
851815
851820
851826
851851
851862
851870
851908
852004
852008
852022
852728
852737
852740
852760
852777
852864
852875
852891
852892
852903
852952
852979
853663
853711
853724
853852
858971
859609
859724
860724
862026
862085
864541
867478
867511
868343
869572
870399
877860
879216
879227
879246
879416
879505
879531
879545
880303
880341
880640
882787
882826
882832
882848
882853
882871
882890
882905
882914
882923
882951
883083
883136
883164
883165
883175
883201
883234
883235
883237
883926
883953
883962
883976
883978
884005
884018
884047
884071
884121
884239
884257
884260
884277
884295
884331
884341
884348
885075
885116
885240
886049
886147
886374
886544
886558
886589
886618
886619
886628
886677
886685
886742
886755
886783
887308
887886
887992
888199
888224
888505
888601
888647
890009
892617
892939
897492
905826
905930
906006
910096
919166
919167
919214
919248
920259
920968
921025
921592
921689
921795
922894
928101
928614
929935
930062
932877
936530
937703
941545
945259
945262
953327
954086
954125
954814
965094
965516
977188
977552
979745
981507
981876
981889
981900
981914
981919
981922
982110
982183
982213
982227
982333
982534
982569
982608
982657
982664
982678
982743
982815
982881
982994
983406
983563
983604
983931
983933
983935
984039
984267
984371
984460
984486
984766
984773
984854
984940
984953
984955
984995
985044
985062
985353
985422
985432
985436
985446
985509
985536
985583
985585
985614
985639
985653
985672
985725
985795
985833
985862
985904
985958
986024
986034
986035
986064
986122
986129
986173
986196
986207
986209
986211
986214
986221
986237
986245
986303
986310
986350
986359
986366
986368
986379
986428
986455
986557
986832
986947
986980
987237
987243
987501
987669
987703
987718
987740
987742
987834
987937
987977
988107
988166
988167
988409
988485
988506
988594
988595
988660
988738
988768
988793
988810
988921
988995
989007
989026
989196
989208
989381
989468
989494
989536
989723
989730
989834
989857
990152
990208
990209
990214
990218
990323
990859
990924
991100
991126
991284
991317
991342
991863
991913
991977
992011
992195
992199
992201
992204
992279
992443
992493
992641
992647
992669
992859
993003
993032
993287
993393
993460
993508
993530
993545
993567
993742
993855
993865
993892
993893
994342
994402
994433
994444
994463
994590
994595
994686
994845
994853
994882
994883
995433
995462
995565
995655
995704
995799
996283
996285
996348
996403
996484
996563
996617
996688
996702
996830
996834
996837
996907
997284
997287
997304
997948
998071
998446
998453
998454
998539
998773
998912
999036
999040
999292
999610
1000083
1000105
1000107
1000323
1000324
1000325
1000346
1000353
1000417
1000437
1000451
1000456
1000461
1000525
1000602
1000606
1000611
1000618
1000619
1000635
1000708
1000762
1000769
1000772
1000774
1000791
1000805
1000807
1000808
1000809
1000819
1000820
1000821
1000822
1000827
1000894
1000895
1000908
1000915
1000924
1000969
1000976
1001017
1001047
1001051
1001062
1001109
1001168
1001201
1001204
1001205
1001207
1001216
1001220
1001236
1001287
1001290
1001299
1001306
1001308
1001332
1001342
1001344
1001351
1001366
1001392
1001439
1001511
1001518
1001521
1001536
1001545
1001547
1001600
1001609
1001638
1001706
1001725
1001730
1001807
1002002
1002068
1002099
1002100
1002110
1002288
1002333
1002387
1002465
1002516
1002681
1003159
1003184
1003186
1003419
1003421
1003431
1003495
1003936
1003977
1003980
1004005
1004008
1004163
1004336
1004369
1004372
1004385
1004680
1004881
1004887
1004997
1005025
1005231
1005291
1005304
1005455
1005489
1005505
1005831
1005987
1006021
1006156
1006203
1006281
1006290
1006304
1006511
1006550
1006788
1006972
1006979
1007150
1007278
1007299
1007539
1007640
1007866
1007905
1007927
1007933
1007943
1007960
1008267
1008413
1008635
1008638
1009178
1009227
1009236
1009249
1009410
1009717
1009733
1009753
1009776
1009799
1009918
1009925
1009950
1010075
1010080
1010082
1010200
1010299
1010300
1010520
1010525
1010529
1010591
1010832
1010897
1011040
1011231
1011426
1011429
1011616
1011712
1011935
1011952
1012015
1012130
1012247
1012285
1012286
1012304
1012334
1012405
1012524
1012601
1012626
1012627
1012800
1013042
1013104
1013384
1013657
1013723
1013850
1014022
1014129
1014132
1014133
1014516
1014521
1014650
1014651
1014843
1014844
1014977
1015326
1015343
1015403
1015547
1015643
1015791
1016373
1016538
1016709
1016714
1017113
1017116
1017218
1017286
1017287
1017302
1017567
1017657
1017744
1017783
1017794
1017922
1017949
1017950
1018076
1018077
1018136
1018219
1018280
1018321
1018476
1018520
1018533
1018566
1018577
1018601
1018687
1018755
1018785
1018894
1018979
1019277
1019488
1019493
1019515
1019664
1019682
1019683
1019733
1020072
1020262
1020445
1020446
1027579
1031358
1032327
1035192
1037456
1040761
1040973
1041079
1041740
1041800
1045903
1046120
1046321
1050406
1051554
1052218
1059547
1059827
1061763
1063546
1063599
1064574
1064718
1064748
1067253
1067942
1069994
1075212
1080073
1082163
1085461
1089337
1090360
1093988
1095878
1097938
1098064
1099728
1103413
1104092
1107708
1107919
1112680
1120002
1121859
1138766
1143497
1144642
1144972
1165758
1175534
1176978
1177185
1178561
1180861
1180967
1182042
1185576
1188712
1201580
1201635
1202196
1210724
1212561
1212811
1227752
1228646
1229423
1229838
1232824
1250210
1250410
1251885
1251905
1252117
1256793
1260756
1261320
1261330
1261379
1261381
1261398
1261405
1261410
1261426
1261436
1261448
1261464
1261481
1261485
1261487
1261504
1261505
1261514
1261531
1261546
1261638
1266681
1266683
1266687
1266698
1266706
1266719
1266727
1266764
1266765
1266790
1266796
1266812
1266824
1266827
1266846
1266866
1266931
1266947
1266965
1266992
1267025
1267417
1267875
1267901
1267910
1267958
1267960
1267982
1268014
1268022
1268024
1268032
1268120
1268132
1268159
1268210
1268853
1268858
1268878
1268993
1269850
1269873
1271851
1276941
1282650
1283002
1285010
1295012
1295112
1298518
1298530
1298567
1298576
1298584
1298603
1298639
1298675
1298676
1298703
1298706
1298899
1298912
1298929
1298932
1298935
1298951
1298979
1299708
1299717
1299733
1299759
1299769
1299786
1299815
1299970
1299988
1300010
1300068
1300720
1300792
1302262
1307068
1309311
1320856
1321384
1334949
1335493
1335498
1335792
1335796
1335970
1336119
1356298
1356416
1356945
1370582
1374225
1375672
1375679
1378088
1386842
1392954
1397214
1397797
1397838
1397964
1398002
1398069
1398129
1398131
1398224
1398247
1398284
1398289
1398290
1398425
1398470
1399018
1399197
1399198
1399254
1399256
1399343
1399488
1399509
1399558
1399559
1399647
1399745
1400045
1400138
1400168
1400611
1400923
1401014
1401023
1401032
1401046
1401119
1401315
1401395
1401545
1401580
1401691
1401736
1401750
1401875
1401959
1402049
1402163
1402174
1402207
1402390
1402419
1402424
1402698
1402699
1402925
1402956
1402982
1403054
1403254
1403292
1403305
1403361
1403411
1403416
1403533
1403586
1403687
1403720
1403910
1403978
1404308
1404380
1404383
1404435
1404447
1404540
1404780
1404915
1404918
1404919
1405161
1405282
1405470
1405489
1405530
1405730
1405915
1405977
1405994
1406006
1406893
1406895
1407059
1407748
1407913
1407975
1408085
1408086
1408095
1408142
1408202
1408205
1408712
1408814
1408956
1408958
1409056
1409057
1409072
1409082
1409271
1409816
1409820
1409821
1409986
1410154
1410356
1410357
1410402
1410438
1410529
1410866
1411015
1411160
1411194
1411265
1411297
1411383
1411396
1411833
1412101
1412106
1412244
1412421
1412452
1412513
1412625
1412633
1412828
1412993
1413185
1413190
1413194
1413288
1413484
1413491
1413570
1413822
1413823
1413851
1413857
1414199
1414256
1414262
1414439
1414476
1414620
1414809
1414840
1414849
1414857
1414881
1415067
1415068
1415221
1415346
1415404
1415919
1415932
1416046
1416571
1416580
1416719
1416821
1416823
1416866
1417065
1417070
1417105
1417266
1417422
1417426
1417427
1417461
1417515
1417738
1417769
1417777
1417875
1418098
1418683
1418690
1418779
1418952
1419172
1419373
1419378
1419445
1419659
1419711
1419723
1419924
1420447
1420678
1420757
1420949
1420988
1421012
1421173
1421186
1421196
1421297
1421314
1421537
1421556
1421558
1421642
1421702
1421763
1421764
1421765
1421769
1422016
1422134
1422218
1422237
1422509
1422703
1422969
1423005
1423324
1423814
1423824
1423827
1423868
1423874
1424308
1424311
1424315
1424342
1424889
1424905
1425312
1425315
1425319
1425439
1425451
1425648
1425816
1425890
1426044
1426139
1426201
1426535
1426549
1426550
1426551
1426987
1427054
1427287
1427343
1427634
1427739
1428070
1428097
1428318
1428480
1429000
1429213
1429220
1429286
1429352
1429512
1429658
1429986
1430037
1430131
1430142
1430154
1430366
1430392
1430461
1430466
1430553
1430640
1430823
1431055
1431056
1431228
1431255
1431385
1431476
1431678
1431706
1432054
1432230
1432315
1432426
1432442
1432564
1432670
1432677
1432683
1432984
1433013
1433275
1433276
1433294
1433332
1433496
1433581
1433582
1434103
1434170
1434256
1434355
1434358
1434619
1434696
1435117
1435248
1435366
1435381
1435398
1435604
1435820
1435845
1435972
1436068
1436138
1436155
1436226
1443717
1444000
1444810
1444872
1446767
1452737
1452994
1456916
1465255
1465256
1465384
1468134
1472269
1472930
1491514
1494934
1495448
1495699
1498873
1501798
1501819
1502226
1506859
1506898
1509449
1509478
1512582
1512608
1525781
1527806
1528099
1528282
1529659
1549805
1549895
1550295
1550488
1550671
1570642
1575323
1576005
1576171
1576466
1587013
1592013
1592120
1602494
1602787
1603151
1603241
1634976
1634998
1636497
1639786
1640104
1640183
1647298
1647309
1649570
1651102
1651181
1653607
1668246
1668657
1673510
1673538
1676254
1678959
1678960
1678967
1678988
1679015
1679016
1679020
1679032
1679056
1679059
1679064
1679092
1679098
1679130
1679150
1679169
1679172
1679189
1679205
1679209
1679260
1679263
1679267
1679284
1679286
1684269
1684295
1684313
1684326
1684344
1684366
1684373
1684387
1684407
1684410
1684411
1684413
1684417
1684435
1684436
1684443
1684444
1684449
1684453
1684501
1684512
1684526
1684528
1684534
1684544
1685382
1685386
1685396
1685421
1685444
1685450
1685495
1685545
1685572
1685574
1685591
1685610
1685623
1685628
1685644
1685713
1686321
1686344
1686514
1686584
1687318
1687466
1691626
1694178
1702587
1704466
1704473
1704475
1704927
1704932
1706395
1706541
1706559
1706883
1706885
1707997
1708223
1708725
1708731
1712405
1712479
1713523
1715770
1715774
1715790
1715801
1715811
1715820
1715831
1715839
1716047
1716062
1716064
1716100
1716111
1716120
1716133
1716135
1716140
1716170
1716202
1716213
1716221
1716902
1716923
1716926
1716934
1716992
1716993
1717001
1717005
1717036
1717050
1717058
1717070
1717200
1717292
1717394
1717395
1717967
1718013
1718242
1718289
1718514
1718592
1718834
1719783
1720927
1722640
1722661
1722667
1722677
1723136
1726763
1728722
1729936
1729981
1730066
1732060
1732496
1732508
1735723
1736168
1736191
1736855
1736857
1737044
1737357
1737765
1738320
1739165
1739172
1739196
1739209
1739362
1739576
1740088
1740089
1740091
1740096
1740521
1740597
1741123
1741135
1741438
1741443
1741701
1741705
1743877
1744046
1744062
1744667
1744673
1744674
1744675
1744676
1744748
1744796
1745266
1745271
1745279
1746524
1746527
1746535
1747488
1748157
1750230
1750892
1751358
1751368
1751498
1751726
1751832
1752140
1752320
1752577
1752579
1752584
1752622
1752655
1753225
1753498
1753828
1754020
1754548
1755607
1755961
1757013
1757016
1757822
1757824
1757830
1759478
1759479
1759636
1759714
1759720
1759877
1759889
1759949
1759992
1760262
1760357
1762471
1762472
1762538
1762720
1762953
1763610
1763675
1763840
1764034
1764042
1764646
1765226
1765659
1765804
1767058
1767361
1768116
1768209
1768805
1769095
1769136
1769217
1769227
1770664
1772253
1772259
1773456
1773781
1773782
1773784
1774422
1774433
1774440
1775189
1775372
1775641
1775661
1775700
1776569
1776577
1778691
1778793
1779105
1779914
1780690
1780700
1781318
1781924
1782036
1782702
1782790
1783225
1783757
1783810
1783982
1784099
1785940
1786167
1786285
1786844
1786939
1787649
1787907
1788436
1788455
1788869
1788999
1789185
1789199
1789282
1789573
1789581
1789792
1790176
1790182
1791120
1791988
1791996
1792103
1792919
1792962
1792965
1792968
1793150
1793597
1793874
1794400
1794443
1794449
1794450
1795269
1797384
1797400
1797755
1798422
1800323
1800387
1801217
1801223
1801862
1801865
1803006
1803530
1804989
1804995
1804998
1805616
1806131
1807660
1807983
1808112
1808547
1809088
1809108
1810179
1813656
1813998
1814005
1814120
1814468
1814609
1814695
1814729
1814737
1814738
1814743
1814746
1814748
1815032
1815213
1815293
1815383
1815439
1815471
1815480
1815492
1815619
1815746
1815863
1815903
1816092
1816166
1816228
1816304
1816318
1816446
1816450
1816490
1816604
1816740
1816775
1816780
1816789
1816836
1817146
1817413
1817417
1817506
1817961
1818005
1818157
1818271
1818285
1818330
1818522
1818530
1818531
1818532
1818831
1819349
1819351
1819676
1819949
1819959
1820312
1820351
1820389
1820931
1820963
1821004
1821145
1821413
1821533
1821608
1821614
1821622
1821644
1821658
1821699
1821765
1821896
1822094
1822095
1822443
1822461
1822481
1822652
1822660
1822663
1822695
1822697
1822897
1822983
1823052
1823565
1823567
1823634
1823639
1823663
1823780
1823792
1823874
1823898
1824026
1824146
1824156
1824376
1824690
1824725
1824823
1824846
1824889
1825202
1825212
1825266
1825563
1826105
1826109
1826160
1826205
1826279
1826329
1826330
1826363
1826374
1826387
1826423
1826497
1826548
1826555
1826570
1826927
1826935
1827024
1827118
1827172
1827235
1827255
1827299
1827300
1827315
1827318
1827419
1827506
1827858
1827886
1828086
1828121
1828123
1828136
1828230
1828452
1828477
1828532
1828535
1828688
1829068
1829527
1829597
1829725
1829760
1830168
1830269
1830272
1830276
1830278
1830443
1830575
1830633
1830803
1830826
1830837
1831279
1831381
1831406
1831427
1831448
1831835
1831877
1832092
1832347
1832377
1832380
1832776
1833117
1833356
1833360
1833401
1833403
1833408
1833485
1833574
1833691
1833870
1834133
1834134
1834597
1834708
1834768
1834778
1834790
1834792
1834886
1834894
1835051
1835052
1835091
1835117
1835384
1835451
1835453
1835463
1835481
1835678
1835688
1835814
1835877
1835905
1836015
1836032
1836068
1836394
1836396
1836418
1836741
1836898
1837017
1837064
1837066
1837163
1837174
1837187
1837264
1837266
1837437
1837447
1837506
1837660
1837665
1837689
1837695
1837950
1838098
1838220
1838228
1838239
1838346
1838462
1838465
1838468
1838469
1838625
1838655
1838900
1838924
1838930
1838974
1839091
1839200
1839343
1839687
1839720
1839746
1839909
1839942
1840167
1840202
1840242
1840558
1840576
1840758
1840923
1840927
1840993
1841209
1841335
1841352
1841539
1841844
1841931
1841938
1841986
1841988
1842037
1842056
1842080
1842128
1842137
1842143
1842302
1842324
1842325
1842329
1842519
1843053
1843104
1843250
1843251
1843283
1843338
1843934
1844012
1844014
1844324
1844364
1844779
1844869
1844870
1844871
1844872
1844879
1845037
1845054
1845071
1845074
1845077
1845377
1845473
1845485
1845934
1846134
1846147
1846148
1846158
1846182
1846316
1846317
1846436
1846655
1846907
1846912
1847090
1847153
1847191
1847228
1847232
1847290
1847292
1847293
1847370
1847403
1847405
1847407
1847534
1847575
1847928
1847935
1847969
1848071
1848081
1848271
1848465
1848489
1848804
1848871
1848953
1848974
1849025
1849036
1849172
1849210
1849221
1849232
1849328
1849333
1849416
1849447
1849816
1849934
1849992
1849993
1850079
1850083
1850268
1850274
1850474
1850708
1850885
1851084
1851089
1851339
1851561
1851571
1851593
1851767
1851773
1851775
1851917
1852007
1852030
1860428
1862012
1862120
1862560
1862588
1864798
1864847
1875391
1887350
1887354
1897891
1899239
1900572
1904857
1904970
1915485
1916553
1916618
1923190
1923546
1924615
1924735
1933499
1933635
1937849
1940151
1944720
1945964
1948081
1948136
1949620
1950456
1951354
1951407
1951736
1952997
1959517
1959554
1965958
1966012
1976542
1979829
1979834
1981236
1983747
1986232
1987388
1990859
1990933
1990942
1996840
1999058
1999067
2004553
2004696
2009972
2015575
2019748
2019792
2024139
2024630
2024722
2025985
2029447
2031674
2032912
2032964
2033027
2034431
2034685
2035061
2036782
2037070
2040965
2041400
2045574
2046192
2047166
2047167
2051227
2061460
2061463
2062111
2072187
2072259
2073091
2076433
2077860
2078001
2085319
2085321
2086547
2086713
2086717
2086719
2086975
2086979
2086981
2087076
2087457
2087460
2087800
2088064
2088065
2088066
2088177
2088643
2089691
2089692
2089784
2089930
2089932
2089979
2089999
2090003
2090004
2093247
2093257
2093273
2093275
2093276
2093288
2093305
2093307
2093318
2093338
2093348
2093359
2093379
2093407
2093463
2093491
2093507
2093515
2093525
2093526
2093528
2093549
2093550
2093558
2093566
2098462
2098476
2098478
2098484
2098498
2098508
2098536
2098542
2098550
2098561
2098562
2098578
2098603
2098618
2098635
2098656
2098660
2098683
2098701
2098717
2098738
2098743
2099533
2099555
2099558
2099573
2099667
2099668
2099678
2099681
2099744
2099825
2099828
2099862
2100525
2100591
2100645
2100708
2100711
2100717
2100766
2101450
2109945
2121055
2121063
2129666
2129678
2129690
2129725
2129730
2129739
2129767
2129770
2129891
2129892
2129899
2129900
2129901
2129902
2129932
2129942
2129944
2129949
2129950
2129954
2129995
2130014
2130038
2130040
2130719
2130747
2130810
2130829
2130847
2130867
2130888
2130889
2131028
2131103
2131739
2131742
2136917
2144715
2145697
2149976
2152923
2155076
2155107
2155126
2155215
2155266
2155333
2155410
2155433
2155436
2155448
2155532
2156179
2156241
2156674
2157540
2160734
2165431
2165625
2165630
2165909
2165916
2166183
2166184
2169651
2169708
2190398
2192277
2200099
2201268
2201677
2201877
2202002
2211169
2211371
2219147
2219174
2221910
2227410
2227421
2227677
2227689
2227851
2228019
2228020
2228731
2228818
2229036
2229037
2229038
2229078
2229081
2229082
2229085
2229086
2229269
2229270
2229288
2229289
2229419
2229420
2229670
2229803
2229859
2229861
2229862
2230098
2230101
2230131
2230161
2230202
2230505
2230752
2230801
2230804
2230819
2230829
2230830
2231015
2231064
2231168
2231176
2231279
2231806
2231807
2231872
2232141
2232169
2232176
2232180
2232392
2232393
2232402
2232611
2232979
2232982
2232983
2233018
2233275
2233280
2233344
2233345
2233349
2233604
2233736
2233775
2233776
2233829
2233875
2233989
2234065
2234066
2234333
2234340
2234571
2234754
2234781
2234839
2234907
2235045
2235287
2235289
2235427
2235731
2235732
2235734
2235738
2235744
2235787
2236088
2236117
2236184
2236202
2236358
2236594
2236919
2237302
2237303
2237455
2237633
2237839
2237933
2238032
2238109
2238356
2238375
2239371
2239385
2239535
2239606
2239618
2239759
2239817
2240118
2240203
2240250
2240254
2240265
2240552
2240554
2240664
2240759
2241139
2241143
2241146
2241329
2241347
2241349
2241846
2241866
2242169
2242214
2242215
2242255
2242492
2242535
2242651
2242734
2242765
2242766
2242768
2242769
2243664
2243963
2243974
2243976
2243999
2244126
2244147
2244212
2244214
2244743
2244891
2245064
2245491
2245560
2245622
2245727
2245848
2246048
2246089
2246108
2246114
2246513
2246676
2246684
2246755
2246807
2246856
2246905
2247110
2247189
2247191
2247193
2247299
2247499
2247701
2247929
2247931
2247950
2247955
2248440
2248714
2248723
2248826
2249074
2249584
2249606
2249627
2249843
2249867
2250259
2250458
2250509
2250607
2250970
2250984
2251202
2251321
2251495
2252066
2252129
2252306
2252368
2252460
2252727
2252818
2252819
2253045
2253047
2253059
2253060
2253732
2253746
2254008
2254099
2254190
2254356
2254457
2254773
2255086
2255089
2255128
2255413
2255414
2255427
2255926
2255936
2256196
2256206
2256208
2256266
2256331
2256430
2256446
2256453
2256498
2256521
2256545
2256571
2256573
2256574
2256609
2256667
2256690
2256752
2256753
2256814
2256907
2256919
2256985
2256986
2257047
2257059
2257065
2257085
2257088
2257090
2257109
2257113
2257195
2257220
2257221
2257223
2257227
2257235
2257282
2257757
2258013
2258037
2258958
2259316
2259382
2259614
2259855
2259858
2259949
2259964
2260023
2260156
2260161
2260295
2260444
2260975
2261031
2261055
2261069
2261103
2261268
2261304
2261407
2261408
2261410
2261964
2262189
2262262
2262376
2262391
2262663
2262758
2262792
2262911
2262922
2263078
2263137
2263296
2263733
2263801
2263836
2263837
2263953
2264277
2264380
2264575
2264576
2264579
2264668
2264763
2264795
2264800
2264804
2264824
2264881
2264882
2272387
2272406
2272451
2272455
2272516
2272571
2272647
2272648
2272649
2272658
2272727
2272770
2272824
2272826
2272863
2272868
2272874
2272884
2272888
2272916
2272921
2272958
2273058
2273065
2273068
2273075
2273078
2273109
2273110
2273143
2273155
2273176
2273187
2273221
2273222
2273230
2273246
2273258
2273263
2273265
2273282
2273285
2273320
2273325
2273332
2273367
2276787
2287667
2504346
2504350
2504377
2504383
2504393
2504396
2504404
2504407
2504410
2504412
2504435
2504452
2504468
2504469
2504470
2504479
2504485
2504506
2504526
2504599
2504625
2509366
2509374
2509414
2509475
2509476
2509501
2509506
2509511
2509513
2509528
2509532
2509550
2509551
2509561
2509570
2509572
2509574
2509598
2509627
2509649
2509651
2509662
2509673
2509674
2509686
2509689
2509692
2509695
2510448
2510449
2510471
2510496
2510514
2510515
2510606
2510617
2510641
2510664
2510668
2510669
2510670
2510752
2511397
2539736
2539751
2539752
2539764
2539793
2539795
2539809
2539836
2539867
2539877
2539881
2539882
2540029
2540033
2540039
2540094
2540125
2540126
2540130
2540146
2540149
2540151
2540164
2540177
2540183
2540184
2540188
2540189
2540190
2540862
2540882
2540892
2540922
2569326
2575025
2575133
2575581
2597757
2597837
2598970
2599091
2599285
2599415
2600624
2600646
2605648
2605664
2606082
2606161
2606315
2606662
2606891
2606903
2606986
2607132
2607143
2608520
2608924
2609046
2609127
2609319
2609856
2610025
1154
1953
2532
2541
2542
2559
2562
2566
2571
2578
2581
2583
2584
2585
2587
2592
2593
2597
2600
2608
2618
2621
2622
2626
2633
2643
2646
2647
2660
2661
2672
2675
2681
2697
2702
2704
2708
2712
2714
2723
2725
2731
2742
2744
2748
2750
2755
2761
2766
2780
2782
2783
2796
2803
2804
2805
2812
2813
2820
2824
2827
2838
2845
2846
2848
2862
2890
2894
2898
2901
2903
2909
2930
2939
2940
2942
2947
2952
2953
2955
2957
2960
2961
2964
2966
2967
2973
2974
2999
3006
3007
3008
3027
3036
3048
3055
3069
3075
3079
3100
3109
3113
3123
3130
3136
3145
3148
3150
3151
3153
3163
3164
3168
3172
3176
3183
3186
3190
3199
3201
3218
3223
3228
3237
3243
3246
3254
3259
3266
3269
3274
3290
3291
3296
3297
3298
3305
3310
3312
3314
3319
3324
3327
3328
3329
3333
3334
3335
3339
3344
3348
3350
3358
3360
3365
3381
3389
3397
3402
3406
3416
3421
3423
3426
3427
3432
3442
3443
3445
3451
3453
3455
3456
3457
3459
3463
3464
3470
3481
3483
3484
3490
3491
3497
3498
3500
3503
3505
3507
3509
3516
3519
3524
3527
3529
3535
3538
3543
3544
3548
3550
3551
3564
3566
3580
3583
3584
3586
3596
3598
3600
3606
3609
3612
3613
3619
3620
3624
3626
3629
3630
3636
3637
3640
3645
3660
3661
3667
3668
3670
3676
3679
3685
3709
3711
3716
3719
3722
3729
3746
3747
3751
3758
3759
3774
3778
3782
3789
3790
3792
3802
3812
3872
3884
4946
8986
12278
12835
13859
14169
14315
14336
14491
14574
14734
14897
15350
15399
15457
15554
15595
15607
15665
15783
15870
16318
16728
16958
17035
17067
17443
17452
17469
17652
17677
17758
17776
17799
17873
17880
17882
17884
17920
17971
17987
18075
18137
20725
21822
24039
24291
25209
28133
30842
31437
32787
33967
34148
35610
36563
36843
36890
37107
37626
38634
39050
41029
41592
44643
57034
58405
84358
84410
95491
96690
96989
97450
106337
118259
123086
131274
134729
135911
135931
135939
135955
135957
135981
136007
136098
136212
136386
136535
136836
136867
136931
137053
137223
137258
137376
137415
137487
137550
137580
137817
138034
138069
138600
138692
138697
139187
139318
139360
139414
139599
139631
139666
139821
139893
140071
140077
140209
140317
140321
140349
140420
140657
140755
140910
140985
141174
141273
141309
141316
141347
141651
141670
141959
141996
142003
142333
142339
142461
142569
143223
143347
143361
143685
143705
143819
143927
144130
144187
144736
144753
144763
144798
144933
145130
145836
145869
145878
145888
146105
146230
146354
146486
146512
146604
146609
146802
146952
147123
147164
147181
147189
147216
147270
147274
147308
147631
147669
147788
147827
148237
148768
148840
148842
148991
149313
149446
149532
149626
149634
149638
149691
149795
149909
150016
150139
150232
150328
150362
150553
150584
150844
150973
151067
151077
151104
151161
151297
151358
151821
151830
152068
152171
152317
152358
152572
152679
152769
152782
153055
153100
153231
153412
153442
153451
153482
153538
153553
153643
153649
153675
153721
153758
153783
153793
153811
153960
153985
154182
154518
154530
154626
155017
155205
155212
155455
155477
155483
155488
155622
155694
155806
155833
155865
156115
156209
156223
156247
156261
156426
156464
156465
156624
156667
156856
156939
157470
157474
157510
157697
157795
157868
157912
157936
157961
158124
158791
158936
158975
159205
159320
159648
159803
159873
160614
160616
160690
160901
160920
160959
161109
161202
161219
161277
161651
161652
161821
161942
161975
161976
162001
162081
162297
162610
162792
162847
162865
162925
163190
163402
163749
163810
163867
164016
164075
164076
164121
164148
164269
164420
164443
164446
164545
164599
164609
164678
164739
164911
164925
165080
165091
165233
165291
165301
165323
165572
165694
165699
165737
165773
165874
166376
166556
166727
166757
166815
166900
166961
167125
167160
167185
167230
167271
167274
167453
167588
167606
167675
167685
168111
168370
168503
168723
168874
169207
169610
169676
169716
169779
169802
169868
169887
169910
169939
170012
170195
170257
170419
170435
170451
170565
170741
170748
170790
170862
170964
170982
171095
171161
171606
171679
171853
171854
172169
172244
172253
172418
172434
172464
172472
172520
172526
172567
172623
172651
172676
172686
172751
172761
172907
172934
172936
173207
173210
173300
173357
173422
173661
173698
173726
173789
173835
173877
174152
174184
174322
174447
174610
174617
174662
174763
174884
174915
175063
175146
175149
175236
175277
175326
175394
175608
191740
193982
194381
194526
195095
195755
195997
198535
206309
206437
212546
212718
214678
245820
245963
305534
317929
319640
355200
355317
355481
357189
357447
360044
360321
360845
360929
362285
363014
364988
367317
368036
368438
369695
369781
370133
370149
370316
373831
375541
379168
379270
379341
379949
380958
389224
391479
391488
411465
424700
424750
424764
424836
424844
424873
424879
424891
424969
424977
424980
424983
424994
425006
426214
430240
430310
430352
430365
430378
430398
430407
430446
430487
430497
430528
431366
431392
431452
431503
431565
431611
431625
432340
432438
432481
432511
432519
432520
432660
432665
433406
433472
433487
433569
433594
434099
434270
434678
435866
435885
436066
453905
462849
462870
462936
462980
463178
463266
464009
464040
464042
464138
464232
464295
464318
464337
465098
465103
465118
465123
465355
466048
466115
466349
466384
466740
466891
466894
467183
467565
469301
478189
478391
478636
479890
480119
480237
480278
480840
480871
480880
481581
482470
482867
484044
485892
486579
488423
488771
488846
489025
489349
489545
489813
490343
491385
491471
491984
491998
492000
492005
492190
494269
494274
494607
494626
495275
495276
495555
495623
495625
495970
495981
496233
497100
498801
500243
500784
500825
501042
501354
501365
501672
501690
506162
507004
507546
507697
507828
508621
511290
511291
511295
511335
511339
511342
511842
511900
512252
512261
512844
514460
514475
514572
514573
514726
514935
515084
515094
517370
517724
518409
518578
518631
519472
520101
520293
522672
523187
525670
525672
525673
525674
526393
527386
527954
528921
528956
529266
529294
529343
529871
530147
531109
531113
531505
532776
532811
534408
535256
535259
535583
535758
537460
537548
541226
541229
542378
543039
543040
543051
543693
543696
543705
544532
545546
545873
545955
547433
548410
548428
549227
549232
549309
549313
549778
549781
550573
550636
550999
551002
551007
552122
552787
555112
555122
555546
556865
557369
557778
557797
557883
558076
558620
559682
560193
561503
562144
562146
563610
563827
563862
563898
563933
564095
564208
564235
564255
564368
564587
564936
564964
564965
565053
565268
565349
565452
565488
565779
565780
565794
565803
565912
566148
566176
566321
566395
566397
566440
566449
566628
566835
567089
567452
567462
567514
567587
567880
567883
568084
568113
568146
568152
568166
568172
568295
568481
568526
568569
568655
568706
568780
568965
568999
569012
569088
569109
569164
569289
569312
569480
569624
569683
570043
570080
570164
570323
570407
570609
570610
570676
570699
571122
571131
571165
571215
571351
571367
571423
571430
571436
571498
571649
571662
571680
571687
571741
571772
572077
572302
572307
572349
572351
572364
572385
572408
572527
572541
572606
572628
572759
572870
573036
573388
573448
573462
573564
573743
573749
573900
574017
574036
574052
574055
574093
574170
574266
574370
574419
574441
574471
574495
574584
574711
574743
574767
574809
574821
574826
574833
575157
575537
575830
575842
575850
575915
575948
575989
575993
576135
576259
576289
576555
576683
576710
576731
576817
576919
576986
577050
577051
577061
577257
577554
577590
577628
577633
577637
577658
577780
577812
577831
577843
577892
578162
578223
578300
578302
578358
578372
578390
578395
578622
578665
579059
579096
579283
579288
579808
579874
579926
579966
580042
580486
580566
580630
580683
580689
580732
580744
580829
580874
581010
581015
581069
581078
581264
581344
581461
581489
581530
581771
581838
582116
582127
582160
582255
582273
582276
582291
582293
582399
582464
582466
582591
582593
582609
582618
582654
582717
582917
583007
583010
583045
583047
583354
583432
583540
583567
583577
583790
584067
584405
584468
584520
584609
584665
584739
584761
584887
585024
585062
585117
585143
585270
585360
585444
585466
585467
585468
585486
585529
585551
585661
585691
586263
586303
586374
586416
586609
586741
586779
586932
586999
587004
587007
587216
587283
587379
587447
587767
587921
587983
587989
588173
588287
588288
588372
588579
588659
588828
588987
589330
589395
589440
589484
589511
589525
589720
589739
589801
589821
589933
589960
589994
590016
590500
590584
590587
590701
591072
591110
591128
591552
591614
591638
591815
591821
591941
591982
591988
592136
592168
592170
592200
592665
592679
592728
592880
592994
593034
593056
593166
593167
593169
593327
593394
593648
593657
593745
593779
593803
593852
593881
593952
594004
594217
594596
594668
594677
594829
594925
595265
595365
595623
595653
595691
595722
595758
595914
595957
596036
596038
596714
596855
596857
597022
597166
597176
597183
597198
597227
597257
597336
597343
597355
597570
597610
597821
597892
597893
598045
598055
598204
598212
598237
598604
598698
598893
599078
599110
599266
599323
599353
599475
599490
599491
599527
599533
599679
599689
599710
599716
599735
599891
600227
600698
600699
600836
600929
601074
601151
601308
601331
601358
601527
601671
601699
601701
601711
601804
601831
602022
614282
617737
617835
617851
617936
628903
629196
629935
629953
629964
629979
629980
629994
629996
630003
630099
630118
630126
630149
630150
630151
630158
630208
630231
630234
630303
630305
630367
630402
630482
630486
630539
630540
630735
630744
630928
630961
630963
631041
631061
631064
631153
631204
631215
631295
631345
631461
631507
631535
631659
631666
631680
631772
631796
631849
631868
631899
631947
632140
632173
632199
632258
632313
632329
632549
632550
633444
633784
636820
636843
636844
637754
637852
638355
652686
652942
653806
654630
654765
654773
660450
660513
660675
664512
664526
675816
675845
675866
675893
676170
676337
676350
676460
676753
676763
677019
677050
677131
677200
677303
677368
677378
677394
677683
677703
677730
677856
678043
678050
678084
678223
678257
678373
678621
679153
679205
679206
682158
682420
685046
696109
697645
698640
701114
701208
701317
703035
707129
707783
711579
714581
714687
724053
725509
740351
741906
742452
750530
751116
753412
753422
753454
753954
754882
754986
755021
755063
761731
761732
761802
762603
773551
776084
777356
778417
779855
782466
785125
789251
790535
790746
792907
796084
805275
805951
813976
814076
817438
817554
817640
819963
820040
820115
828978
829043
832766
840765
845121
845127
845165
845170
845180
845190
845205
845271
845373
845474
847686
850638
850646
850647
850681
850683
850700
850723
850747
850775
850800
850806
850810
850831
850857
850878
850888
850907
850933
851249
851702
851707
851713
851750
851759
851760
851773
851780
851815
851820
851826
851851
851862
851870
851908
852004
852008
852022
852728
852737
852740
852760
852777
852864
852875
852891
852892
852903
852952
852979
853663
853711
853724
853852
858971
859609
859724
860724
862026
862085
864541
867478
867511
868343
869572
870399
877860
879216
879227
879246
879416
879505
879531
879545
880303
880341
880640
882787
882826
882832
882848
882853
882871
882890
882905
882914
882923
882951
883083
883136
883164
883165
883175
883201
883234
883235
883237
883926
883953
883962
883976
883978
884005
884018
884047
884071
884121
884239
884257
884260
884277
884295
884331
884341
884348
885075
885116
885240
886049
886147
886374
886544
886558
886589
886618
886619
886628
886677
886685
886742
886755
886783
887308
887886
887992
888199
888224
888505
888601
888647
890009
892617
892939
897492
905826
905930
906006
910096
919166
919167
919214
919248
920259
920968
921025
921592
921689
921795
922894
928101
928614
929935
930062
932877
936530
937703
941545
945259
945262
953327
954086
954125
954814
965094
965516
977188
977552
979745
981507
981876
981889
981900
981914
981919
981922
982110
982183
982213
982227
982333
982534
982569
982608
982657
982664
982678
982743
982815
982881
982994
983406
983563
983604
983931
983933
983935
984039
984267
984371
984460
984486
984766
984773
984854
984940
984953
984955
984995
985044
985062
985353
985422
985432
985436
985446
985509
985536
985583
985585
985614
985639
985653
985672
985725
985795
985833
985862
985904
985958
986024
986034
986035
986064
986122
986129
986173
986196
986207
986209
986211
986214
986221
986237
986245
986303
986310
986350
986359
986366
986368
986379
986428
986455
986557
986832
986947
986980
987237
987243
987501
987669
987703
987718
987740
987742
987834
987937
987977
988107
988166
988167
988409
988485
988506
988594
988595
988660
988738
988768
988793
988810
988921
988995
989007
989026
989196
989208
989381
989468
989494
989536
989723
989730
989834
989857
990152
990208
990209
990214
990218
990323
990859
990924
991100
991126
991284
991317
991342
991863
991913
991977
992011
992195
992199
992201
992204
992279
992443
992493
992641
992647
992669
992859
993003
993032
993287
993393
993460
993508
993530
993545
993567
993742
993855
993865
993892
993893
994342
994402
994433
994444
994463
994590
994595
994686
994845
994853
994882
994883
995433
995462
995565
995655
995704
995799
996283
996285
996348
996403
996484
996563
996617
996688
996702
996830
996834
996837
996907
997284
997287
997304
997948
998071
998446
998453
998454
998539
998773
998912
999036
999040
999292
999610
1000083
1000105
1000107
1000323
1000324
1000325
1000346
1000353
1000417
1000437
1000451
1000456
1000461
1000525
1000602
1000606
1000611
1000618
1000619
1000635
1000708
1000762
1000769
1000772
1000774
1000791
1000805
1000807
1000808
1000809
1000819
1000820
1000821
1000822
1000827
1000894
1000895
1000908
1000915
1000924
1000969
1000976
1001017
1001047
1001051
1001062
1001109
1001168
1001201
1001204
1001205
1001207
1001216
1001220
1001236
1001287
1001290
1001299
1001306
1001308
1001332
1001342
1001344
1001351
1001366
1001392
1001439
1001511
1001518
1001521
1001536
1001545
1001547
1001600
1001609
1001638
1001706
1001725
1001730
1001807
1002002
1002068
1002099
1002100
1002110
1002288
1002333
1002387
1002465
1002516
1002681
1003159
1003184
1003186
1003419
1003421
1003431
1003495
1003936
1003977
1003980
1004005
1004008
1004163
1004336
1004369
1004372
1004385
1004680
1004881
1004887
1004997
1005025
1005231
1005291
1005304
1005455
1005489
1005505
1005831
1005987
1006021
1006156
1006203
1006281
1006290
1006304
1006511
1006550
1006788
1006972
1006979
1007150
1007278
1007299
1007539
1007640
1007866
1007905
1007927
1007933
1007943
1007960
1008267
1008413
1008635
1008638
1009178
1009227
1009236
1009249
1009410
1009717
1009733
1009753
1009776
1009799
1009918
1009925
1009950
1010075
1010080
1010082
1010200
1010299
1010300
1010520
1010525
1010529
1010591
1010832
1010897
1011040
1011231
1011426
1011429
1011616
1011712
1011935
1011952
1012015
1012130
1012247
1012285
1012286
1012304
1012334
1012405
1012524
1012601
1012626
1012627
1012800
1013042
1013104
1013384
1013657
1013723
1013850
1014022
1014129
1014132
1014133
1014516
1014521
1014650
1014651
1014843
1014844
1014977
1015326
1015343
1015403
1015547
1015643
1015791
1016373
1016538
1016709
1016714
1017113
1017116
1017218
1017286
1017287
1017302
1017567
1017657
1017744
1017783
1017794
1017922
1017949
1017950
1018076
1018077
1018136
1018219
1018280
1018321
1018476
1018520
1018533
1018566
1018577
1018601
1018687
1018755
1018785
1018894
1018979
1019277
1019488
1019493
1019515
1019664
1019682
1019683
1019733
1020072
1020262
1020445
1020446
1027579
1031358
1032327
1035192
1037456
1040761
1040973
1041079
1041740
1041800
1045903
1046120
1046321
1050406
1051554
1052218
1059547
1059827
1061763
1063546
1063599
1064574
1064718
1064748
1067253
1067942
1069994
1075212
1080073
1082163
1085461
1089337
1090360
1093988
1095878
1097938
1098064
1099728
1103413
1104092
1107708
1107919
1112680
1120002
1121859
1138766
1143497
1144642
1144972
1165758
1175534
1176978
1177185
1178561
1180861
1180967
1182042
1185576
1188712
1201580
1201635
1202196
1210724
1212561
1212811
1227752
1228646
1229423
1229838
1232824
1250210
1250410
1251885
1251905
1252117
1256793
1260756
1261320
1261330
1261379
1261381
1261398
1261405
1261410
1261426
1261436
1261448
1261464
1261481
1261485
1261487
1261504
1261505
1261514
1261531
1261546
1261638
1266681
1266683
1266687
1266698
1266706
1266719
1266727
1266764
1266765
1266790
1266796
1266812
1266824
1266827
1266846
1266866
1266931
1266947
1266965
1266992
1267025
1267417
1267875
1267901
1267910
1267958
1267960
1267982
1268014
1268022
1268024
1268032
1268120
1268132
1268159
1268210
1268853
1268858
1268878
1268993
1269850
1269873
1271851
1276941
1282650
1283002
1285010
1295012
1295112
1298518
1298530
1298567
1298576
1298584
1298603
1298639
1298675
1298676
1298703
1298706
1298899
1298912
1298929
1298932
1298935
1298951
1298979
1299708
1299717
1299733
1299759
1299769
1299786
1299815
1299970
1299988
1300010
1300068
1300720
1300792
1302262
1307068
1309311
1320856
1321384
1334949
1335493
1335498
1335792
1335796
1335970
1336119
1356298
1356416
1356945
1370582
1374225
1375672
1375679
1378088
1386842
1392954
1397214
1397797
1397838
1397964
1398002
1398069
1398129
1398131
1398224
1398247
1398284
1398289
1398290
1398425
1398470
1399018
1399197
1399198
1399254
1399256
1399343
1399488
1399509
1399558
1399559
1399647
1399745
1400045
1400138
1400168
1400611
1400923
1401014
1401023
1401032
1401046
1401119
1401315
1401395
1401545
1401580
1401691
1401736
1401750
1401875
1401959
1402049
1402163
1402174
1402207
1402390
1402419
1402424
1402698
1402699
1402925
1402956
1402982
1403054
1403254
1403292
1403305
1403361
1403411
1403416
1403533
1403586
1403687
1403720
1403910
1403978
1404308
1404380
1404383
1404435
1404447
1404540
1404780
1404915
1404918
1404919
1405161
1405282
1405470
1405489
1405530
1405730
1405915
1405977
1405994
1406006
1406893
1406895
1407059
1407748
1407913
1407975
1408085
1408086
1408095
1408142
1408202
1408205
1408712
1408814
1408956
1408958
1409056
1409057
1409072
1409082
1409271
1409816
1409820
1409821
1409986
1410154
1410356
1410357
1410402
1410438
1410529
1410866
1411015
1411160
1411194
1411265
1411297
1411383
1411396
1411833
1412101
1412106
1412244
1412421
1412452
1412513
1412625
1412633
1412828
1412993
1413185
1413190
1413194
1413288
1413484
1413491
1413570
1413822
1413823
1413851
1413857
1414199
1414256
1414262
1414439
1414476
1414620
1414809
1414840
1414849
1414857
1414881
1415067
1415068
1415221
1415346
1415404
1415919
1415932
1416046
1416571
1416580
1416719
1416821
1416823
1416866
1417065
1417070
1417105
1417266
1417422
1417426
1417427
1417461
1417515
1417738
1417769
1417777
1417875
1418098
1418683
1418690
1418779
1418952
1419172
1419373
1419378
1419445
1419659
1419711
1419723
1419924
1420447
1420678
1420757
1420949
1420988
1421012
1421173
1421186
1421196
1421297
1421314
1421537
1421556
1421558
1421642
1421702
1421763
1421764
1421765
1421769
1422016
1422134
1422218
1422237
1422509
1422703
1422969
1423005
1423324
1423814
1423824
1423827
1423868
1423874
1424308
1424311
1424315
1424342
1424889
1424905
1425312
1425315
1425319
1425439
1425451
1425648
1425816
1425890
1426044
1426139
1426201
1426535
1426549
1426550
1426551
1426987
1427054
1427287
1427343
1427634
1427739
1428070
1428097
1428318
1428480
1429000
1429213
1429220
1429286
1429352
1429512
1429658
1429986
1430037
1430131
1430142
1430154
1430366
1430392
1430461
1430466
1430553
1430640
1430823
1431055
1431056
1431228
1431255
1431385
1431476
1431678
1431706
1432054
1432230
1432315
1432426
1432442
1432564
1432670
1432677
1432683
1432984
1433013
1433275
1433276
1433294
1433332
1433496
1433581
1433582
1434103
1434170
1434256
1434355
1434358
1434696
1435117
1435248
1435366
1435381
1435398
1435604
1435820
1435845
1435972
1436068
1436138
1436155
1436226
1443717
1444000
1444810
1444872
1446767
1452737
1452994
1456916
1465255
1465256
1465384
1468134
1472269
1472930
1491514
1494934
1495448
1495699
1498873
1501798
1501819
1502226
1506859
1506898
1509449
1509478
1512582
1512608
1525781
1527806
1528099
1528282
1529659
1549805
1549895
1550295
1550488
1550671
1570642
1575323
1576005
1576171
1576466
1587013
1592013
1592120
1602494
1602787
1603151
1603241
1634976
1634998
1636497
1639786
1640104
1640183
1647298
1647309
1649570
1651102
1651181
1653607
1668246
1668657
1673510
1673538
1676254
1678959
1678960
1678967
1678988
1679015
1679016
1679020
1679032
1679056
1679059
1679064
1679092
1679098
1679130
1679150
1679169
1679172
1679189
1679205
1679209
1679260
1679263
1679267
1679284
1679286
1684269
1684295
1684313
1684326
1684344
1684366
1684373
1684387
1684407
1684410
1684411
1684413
1684417
1684435
1684436
1684443
1684444
1684449
1684453
1684501
1684512
1684526
1684528
1684534
1684544
1685382
1685386
1685396
1685421
1685444
1685450
1685495
1685545
1685572
1685574
1685591
1685610
1685623
1685628
1685644
1685713
1686321
1686344
1686514
1686584
1687318
1687466
1691626
1694178
1702587
1704466
1704473
1704475
1704927
1704932
1706395
1706541
1706559
1706883
1706885
1707997
1708223
1708725
1708731
1712405
1712479
1713523
1715770
1715774
1715790
1715801
1715811
1715820
1715831
1715839
1716047
1716062
1716064
1716100
1716111
1716120
1716133
1716135
1716140
1716170
1716202
1716213
1716221
1716902
1716923
1716926
1716934
1716992
1716993
1717001
1717005
1717036
1717050
1717058
1717070
1717200
1717292
1717394
1717395
1717967
1718013
1718242
1718289
1718514
1718592
1718834
1719783
1720927
1722640
1722661
1722667
1722677
1723136
1726763
1728722
1729936
1729981
1730066
1732060
1732496
1732508
1735723
1736168
1736191
1736855
1736857
1737044
1737357
1737765
1738320
1739165
1739172
1739196
1739209
1739362
1739576
1740088
1740089
1740091
1740096
1740521
1740597
1741123
1741135
1741438
1741443
1741701
1741705
1743877
1744046
1744062
1744667
1744673
1744674
1744675
1744676
1744748
1744796
1745266
1745271
1745279
1746524
1746527
1746535
1747488
1748157
1750230
1750892
1751358
1751368
1751498
1751726
1751832
1752140
1752320
1752577
1752579
1752584
1752622
1752655
1753225
1753498
1753828
1754020
1754548
1755607
1755961
1757013
1757016
1757822
1757824
1757830
1759478
1759479
1759636
1759714
1759720
1759877
1759889
1759949
1759992
1760262
1760357
1762471
1762472
1762538
1762720
1762953
1763610
1763675
1763840
1764034
1764042
1764646
1765226
1765659
1765804
1767058
1767361
1768116
1768209
1768805
1769095
1769136
1769217
1769227
1770664
1772253
1772259
1773456
1773781
1773782
1773784
1774422
1774433
1774440
1775189
1775372
1775641
1775661
1775700
1776569
1776577
1778691
1778793
1779105
1779914
1780690
1780700
1781318
1781924
1782036
1782702
1782790
1783225
1783757
1783810
1783982
1784099
1785940
1786167
1786285
1786844
1786939
1787649
1787907
1788436
1788455
1788869
1788999
1789185
1789199
1789282
1789573
1789581
1789792
1790176
1790182
1791120
1791988
1791996
1792103
1792919
1792962
1792965
1792968
1793150
1793597
1793874
1794400
1794443
1794449
1794450
1795269
1797384
1797400
1797755
1798422
1800323
1800387
1801217
1801223
1801862
1801865
1803006
1803530
1804989
1804995
1804998
1805616
1806131
1807660
1807983
1808112
1808547
1809088
1809108
1810179
1813656
1813998
1814005
1814120
1814468
1814609
1814695
1814729
1814737
1814738
1814743
1814746
1814748
1815032
1815213
1815293
1815383
1815439
1815471
1815480
1815492
1815619
1815746
1815863
1815903
1816092
1816166
1816228
1816304
1816318
1816446
1816450
1816490
1816604
1816740
1816775
1816780
1816789
1816836
1817146
1817413
1817417
1817506
1817961
1818005
1818157
1818271
1818285
1818330
1818522
1818530
1818531
1818532
1818831
1819349
1819351
1819676
1819949
1819959
1820312
1820351
1820389
1820931
1820963
1821004
1821145
1821413
1821533
1821608
1821614
1821622
1821644
1821658
1821699
1821765
1821896
1822094
1822095
1822443
1822461
1822481
1822652
1822660
1822663
1822695
1822697
1822897
1822983
1823052
1823565
1823567
1823634
1823639
1823663
1823780
1823792
1823874
1823898
1824026
1824146
1824156
1824376
1824690
1824725
1824823
1824846
1824889
1825202
1825212
1825266
1825563
1826105
1826109
1826160
1826205
1826279
1826329
1826330
1826363
1826374
1826387
1826423
1826497
1826548
1826555
1826570
1826927
1826935
1827024
1827118
1827172
1827235
1827255
1827299
1827300
1827315
1827318
1827419
1827506
1827858
1827886
1828086
1828121
1828123
1828136
1828230
1828452
1828477
1828532
1828535
1828688
1829068
1829527
1829597
1829725
1829760
1830168
1830269
1830272
1830276
1830278
1830443
1830575
1830633
1830803
1830826
1830837
1831279
1831381
1831406
1831427
1831448
1831835
1831877
1832092
1832347
1832377
1832380
1832776
1833117
1833356
1833360
1833401
1833403
1833408
1833485
1833574
1833691
1833870
1834133
1834134
1834597
1834708
1834768
1834778
1834790
1834792
1834886
1834894
1835051
1835052
1835091
1835117
1835384
1835451
1835453
1835463
1835481
1835678
1835688
1835814
1835877
1835905
1836015
1836032
1836068
1836394
1836396
1836418
1836741
1836898
1837017
1837064
1837066
1837163
1837174
1837187
1837264
1837266
1837437
1837447
1837506
1837660
1837665
1837689
1837695
1837950
1838098
1838220
1838228
1838239
1838346
1838462
1838465
1838468
1838469
1838625
1838655
1838900
1838924
1838930
1838974
1839091
1839200
1839343
1839687
1839720
1839746
1839909
1839942
1840167
1840202
1840242
1840558
1840576
1840758
1840923
1840927
1840993
1841209
1841335
1841352
1841539
1841844
1841931
1841938
1841986
1841988
1842037
1842056
1842080
1842128
1842137
1842143
1842302
1842324
1842325
1842329
1842519
1843053
1843104
1843250
1843251
1843283
1843338
1843934
1844012
1844014
1844324
1844364
1844779
1844869
1844870
1844871
1844872
1844879
1845037
1845054
1845071
1845074
1845077
1845377
1845473
1845485
1845934
1846134
1846147
1846148
1846158
1846182
1846316
1846317
1846436
1846655
1846907
1846912
1847090
1847153
1847191
1847228
1847232
1847290
1847292
1847293
1847370
1847403
1847405
1847407
1847534
1847575
1847928
1847935
1847969
1848071
1848081
1848271
1848465
1848489
1848804
1848871
1848953
1848974
1849025
1849036
1849172
1849210
1849221
1849232
1849328
1849333
1849416
1849447
1849816
1849934
1849992
1849993
1850079
1850083
1850268
1850274
1850474
1850708
1850885
1851084
1851089
1851339
1851561
1851571
1851593
1851767
1851773
1851775
1851917
1852007
1852030
1860428
1862012
1862120
1862560
1862588
1864798
1864847
1875391
1887350
1887354
1897891
1899239
1900572
1904857
1904970
1915485
1916553
1916618
1923190
1923546
1924615
1924735
1933499
1933635
1937849
1940151
1944720
1945964
1948081
1948136
1949620
1950456
1951354
1951407
1951736
1952997
1959517
1959554
1965958
1966012
1976542
1979829
1979834
1981236
1983747
1986232
1987388
1990859
1990933
1990942
1996840
1999058
1999067
2004553
2004696
2009972
2015575
2019748
2019792
2024139
2024630
2024722
2025985
2029447
2031674
2032912
2032964
2033027
2034431
2034685
2035061
2036782
2037070
2040965
2041400
2045574
2046192
2047166
2047167
2051227
2061460
2061463
2062111
2072187
2072259
2073091
2076433
2077860
2078001
2085319
2085321
2086547
2086713
2086717
2086719
2086975
2086979
2086981
2087076
2087457
2087460
2087800
2088064
2088065
2088066
2088177
2088643
2089691
2089692
2089784
2089930
2089932
2089979
2089999
2090003
2090004
2093247
2093257
2093273
2093275
2093276
2093288
2093305
2093307
2093318
2093338
2093348
2093359
2093379
2093407
2093463
2093491
2093507
2093515
2093525
2093526
2093528
2093549
2093550
2093558
2093566
2098462
2098476
2098478
2098484
2098498
2098508
2098536
2098542
2098550
2098561
2098562
2098578
2098603
2098618
2098635
2098656
2098660
2098683
2098701
2098717
2098738
2098743
2099533
2099555
2099558
2099573
2099667
2099668
2099678
2099681
2099744
2099825
2099828
2099862
2100525
2100591
2100645
2100708
2100711
2100717
2100766
2101450
2109945
2121055
2121063
2129666
2129678
2129690
2129725
2129730
2129739
2129767
2129770
2129891
2129892
2129899
2129900
2129901
2129902
2129932
2129942
2129944
2129949
2129950
2129954
2129995
2130014
2130038
2130040
2130719
2130747
2130810
2130829
2130847
2130867
2130888
2130889
2131028
2131103
2131739
2131742
2136917
2144715
2145697
2149976
2152923
2155076
2155107
2155126
2155215
2155266
2155333
2155410
2155433
2155436
2155448
2155532
2156179
2156241
2156674
2157540
2160734
2165431
2165625
2165630
2165909
2165916
2166183
2166184
2169651
2169708
2190398
2192277
2200099
2201268
2201677
2201877
2202002
2211169
2211371
2219147
2219174
2221910
2227410
2227421
2227677
2227689
2227851
2228019
2228020
2228731
2228818
2229036
2229037
2229038
2229078
2229081
2229082
2229085
2229086
2229269
2229270
2229288
2229289
2229419
2229420
2229670
2229803
2229859
2229861
2229862
2230098
2230101
2230131
2230161
2230202
2230505
2230752
2230801
2230804
2230819
2230829
2230830
2231015
2231064
2231168
2231176
2231279
2231806
2231807
2231872
2232141
2232169
2232176
2232180
2232392
2232393
2232402
2232611
2232979
2232982
2232983
2233018
2233275
2233280
2233344
2233345
2233349
2233604
2233736
2233775
2233776
2233829
2233875
2233989
2234065
2234066
2234333
2234340
2234571
2234754
2234781
2234839
2234907
2235045
2235287
2235289
2235427
2235731
2235732
2235734
2235738
2235744
2235787
2236088
2236117
2236184
2236202
2236358
2236594
2236919
2237302
2237303
2237455
2237633
2237839
2237933
2238032
2238109
2238356
2238375
2239371
2239385
2239535
2239606
2239618
2239759
2239817
2240118
2240203
2240250
2240254
2240265
2240552
2240554
2240664
2240759
2241139
2241143
2241146
2241329
2241347
2241349
2241846
2241866
2242169
2242214
2242215
2242255
2242492
2242535
2242651
2242734
2242765
2242766
2242768
2242769
2243664
2243963
2243974
2243976
2243999
2244126
2244147
2244212
2244214
2244743
2244891
2245064
2245491
2245560
2245622
2245727
2245848
2246048
2246089
2246108
2246114
2246513
2246676
2246684
2246755
2246807
2246856
2246905
2247110
2247189
2247191
2247193
2247299
2247499
2247701
2247929
2247931
2247950
2247955
2248440
2248714
2248723
2248826
2249074
2249584
2249606
2249627
2249843
2249867
2250259
2250458
2250509
2250607
2250970
2250984
2251202
2251321
2251495
2252066
2252129
2252306
2252368
2252460
2252727
2252818
2252819
2253045
2253047
2253059
2253060
2253732
2253746
2254008
2254099
2254190
2254356
2254457
2254773
2255086
2255089
2255128
2255413
2255414
2255427
2255926
2255936
2256196
2256206
2256208
2256266
2256331
2256430
2256446
2256453
2256498
2256521
2256545
2256571
2256573
2256574
2256609
2256667
2256690
2256752
2256753
2256814
2256907
2256919
2256985
2256986
2257047
2257059
2257065
2257085
2257088
2257090
2257109
2257113
2257195
2257220
2257221
2257223
2257227
2257235
2257282
2257757
2258013
2258037
2258958
2259316
2259382
2259614
2259855
2259858
2259949
2259964
2260023
2260156
2260161
2260295
2260444
2260975
2261031
2261055
2261069
2261103
2261268
2261304
2261407
2261408
2261410
2261964
2262189
2262262
2262376
2262391
2262663
2262758
2262792
2262911
2262922
2263078
2263137
2263296
2263733
2263801
2263836
2263837
2263953
2264277
2264380
2264575
2264576
2264579
2264668
2264763
2264795
2264800
2264804
2264824
2264881
2264882
2272387
2272406
2272451
2272455
2272516
2272571
2272647
2272648
2272649
2272658
2272727
2272770
2272824
2272826
2272863
2272868
2272874
2272884
2272888
2272916
2272921
2272958
2273058
2273065
2273068
2273075
2273078
2273109
2273110
2273143
2273155
2273176
2273187
2273221
2273222
2273230
2273246
2273258
2273263
2273265
2273282
2273285
2273320
2273325
2273332
2273367
2276787
2287667
2504346
2504350
2504377
2504383
2504393
2504396
2504404
2504407
2504410
2504412
2504435
2504452
2504468
2504469
2504470
2504479
2504485
2504506
2504526
2504599
2504625
2509366
2509374
2509414
2509475
2509476
2509501
2509506
2509511
2509513
2509528
2509532
2509550
2509551
2509561
2509570
2509572
2509574
2509598
2509627
2509649
2509651
2509662
2509673
2509674
2509686
2509689
2509692
2509695
2510448
2510449
2510471
2510496
2510514
2510515
2510606
2510617
2510641
2510664
2510668
2510669
2510670
2510752
2511397
2539736
2539751
2539752
2539764
2539793
2539795
2539809
2539836
2539867
2539877
2539881
2539882
2540029
2540033
2540039
2540094
2540125
2540126
2540130
2540146
2540149
2540151
2540164
2540177
2540183
2540184
2540188
2540189
2540190
2540862
2540882
2540892
2540922
2569326
2575025
2575133
2575581
2597757
2597837
2598970
2599091
2599285
2599415
2600624
2600646
2605648
2605664
2606082
2606161
2606315
2606662
2606891
2606903
2606986
2607132
2607143
2608520
2608924
2609046
2609127
2609319
2609856
2610025
1154
1953
2532
2541
2542
2559
2562
2566
2571
2578
2581
2583
2584
2585
2587
2592
2593
2597
2600
2608
2618
2621
2622
2626
2633
2643
2646
2647
2660
2661
2672
2675
2681
2697
2702
2704
2708
2712
2714
2723
2725
2731
2742
2744
2748
2750
2755
2761
2766
2780
2782
2783
2796
2803
2804
2805
2812
2813
2820
2824
2827
2838
2845
2846
2848
2862
2890
2894
2898
2901
2903
2909
2930
2939
2940
2942
2947
2952
2953
2955
2957
2960
2961
2964
2966
2967
2973
2974
2999
3006
3007
3008
3027
3036
3048
3055
3069
3075
3079
3100
3109
3113
3123
3130
3136
3145
3148
3150
3151
3153
3163
3164
3168
3172
3176
3183
3186
3190
3199
3201
3218
3223
3228
3237
3243
3246
3254
3259
3266
3269
3274
3290
3291
3296
3297
3298
3305
3310
3312
3314
3319
3324
3327
3328
3329
3333
3334
3335
3339
3344
3348
3350
3358
3360
3365
3381
3389
3397
3402
3406
3416
3421
3423
3426
3427
3432
3442
3443
3445
3451
3453
3455
3456
3457
3459
3463
3464
3470
3481
3483
3484
3490
3491
3497
3498
3500
3503
3505
3507
3509
3516
3519
3524
3527
3529
3535
3538
3543
3544
3548
3550
3551
3564
3566
3580
3583
3584
3586
3596
3598
3600
3606
3609
3612
3613
3619
3620
3624
3626
3629
3630
3636
3637
3640
3645
3660
3661
3667
3668
3670
3676
3679
3685
3709
3711
3716
3719
3722
3729
3746
3747
3751
3758
3759
3774
3778
3782
3789
3790
3792
3802
3812
3872
3884
4946
8986
12278
12835
13859
14169
14315
14336
14491
14574
14734
14897
15350
15399
15457
15554
15595
15607
15665
15783
15870
16318
16728
16958
17035
17067
17443
17452
17469
17652
17677
17758
17776
17799
17873
17880
17882
17884
17920
17971
17987
18075
18137
20725
21822
24039
24291
25209
28133
30842
31437
32787
33967
34148
35610
36563
36843
36890
37107
37626
38634
39050
41029
41592
44643
57034
58405
84358
84410
95491
96690
96989
97450
106337
118259
123086
131274
134729
135911
135931
135939
135955
135957
135981
136007
136098
136212
136386
136535
136836
136867
136931
137053
137223
137258
137376
137415
137487
137550
137580
137817
138034
138069
138600
138692
138697
139187
139318
139360
139414
139599
139631
139666
139821
139893
140071
140077
140209
140317
140321
140349
140420
140657
140755
140910
140985
141174
141273
141309
141316
141347
141651
141670
141959
141996
142003
142333
142339
142461
142569
143223
143347
143361
143685
143705
143819
143927
144130
144187
144736
144753
144763
144798
144933
145130
145836
145869
145878
145888
146105
146230
146354
146486
146512
146604
146609
146802
146952
147123
147164
147181
147189
147216
147270
147274
147308
147631
147669
147788
147827
148237
148768
148840
148842
148991
149313
149446
149532
149626
149634
149638
149691
149795
149909
150016
150139
150232
150328
150362
150553
150584
150844
150973
151067
151077
151104
151161
151297
151358
151821
151830
152068
152171
152317
152358
152572
152679
152769
152782
153055
153100
153231
153412
153442
153451
153482
153538
153553
153643
153649
153675
153721
153758
153783
153793
153811
153960
153985
154182
154518
154530
154626
155017
155205
155212
155455
155477
155483
155488
155622
155694
155806
155833
155865
156115
156209
156223
156247
156261
156426
156464
156465
156624
156667
156856
156939
157470
157474
157510
157697
157795
157868
157912
157936
157961
158124
158791
158936
158975
159205
159320
159648
159803
159873
160614
160616
160690
160901
160920
160959
161109
161202
161219
161277
161651
161652
161821
161942
161975
161976
162001
162081
162297
162610
162792
162847
162865
162925
163190
163402
163749
163810
163867
164016
164075
164076
164121
164148
164269
164420
164443
164446
164545
164599
164609
164678
164739
164911
164925
165080
165091
165233
165291
165301
165323
165572
165694
165699
165737
165773
165874
166376
166556
166727
166757
166815
166900
166961
167125
167160
167185
167230
167271
167274
167453
167588
167606
167675
167685
168111
168370
168503
168723
168874
169207
169610
169676
169716
169779
169802
169868
169887
169910
169939
170012
170195
170257
170419
170435
170451
170565
170741
170748
170790
170862
170964
170982
171095
171161
171606
171679
171853
171854
172169
172244
172253
172418
172434
172464
172472
172520
172526
172567
172623
172651
172676
172686
172751
172761
172907
172934
172936
173207
173210
173300
173357
173422
173661
173698
173726
173789
173835
173877
174152
174184
174322
174447
174610
174617
174662
174763
174884
174915
175063
175146
175149
175236
175277
175326
175394
175608
191740
193982
194381
194526
195095
195755
195997
198535
206309
206437
212546
212718
214678
245820
245963
305534
317929
319640
355200
355317
355481
357189
357447
360044
360321
360845
360929
362285
363014
364988
367317
368036
368438
369695
369781
370133
370149
370316
373831
375541
379168
379270
379341
379949
380958
389224
391479
391488
411465
424700
424750
424764
424836
424844
424873
424879
424891
424969
424977
424980
424983
424994
425006
426214
430240
430310
430352
430365
430378
430398
430407
430446
430487
430497
430528
431366
431392
431452
431503
431565
431611
431625
432340
432438
432481
432511
432519
432520
432660
432665
433406
433472
433487
433569
433594
434099
434270
434678
435866
435885
436066
453905
462849
462870
462936
462980
463178
463266
464009
464040
464042
464138
464232
464295
464318
464337
465098
465103
465118
465123
465355
466048
466115
466349
466384
466740
466891
466894
467183
467565
469301
478189
478391
478636
479890
480119
480237
480278
480840
480871
480880
481581
482470
482867
484044
484720
485892
486579
488423
488771
488846
489025
489349
489545
489813
490343
491385
491471
491984
491998
492000
492005
492190
494269
494274
494607
494626
495275
495276
495555
495623
495625
495970
495981
496233
497100
498801
500243
500784
500825
501042
501354
501365
501672
501690
506162
507004
507546
507697
507828
508621
511290
511291
511295
511335
511339
511342
511842
511900
512252
512261
512844
514460
514475
514572
514573
514726
514935
515084
515094
517370
517724
518409
518578
518631
519472
520101
520293
522672
523187
525670
525672
525673
525674
526393
527386
527954
528921
528956
529266
529294
529343
529871
530147
531109
531113
531505
532776
532811
534408
535256
535259
535583
535758
537460
537548
541226
541229
542378
543039
543040
543051
543693
543696
543705
544532
545546
545873
545955
547433
548410
548428
549227
549232
549309
549313
549778
549781
550573
550636
550999
551002
551007
552122
552787
555112
555122
555546
556865
557369
557778
557797
557883
558076
558620
559682
560193
561503
562144
562146
563610
563827
563862
563898
563933
564095
564208
564235
564255
564368
564587
564936
564964
564965
565053
565268
565349
565452
565488
565779
565780
565794
565803
565912
566148
566176
566321
566395
566397
566440
566449
566628
566835
567089
567452
567462
567514
567587
567880
567883
568084
568113
568146
568152
568166
568172
568295
568481
568526
568569
568655
568706
568780
568965
568999
569012
569088
569109
569164
569289
569312
569480
569624
569683
570043
570080
570164
570323
570407
570609
570610
570676
570699
571122
571131
571165
571215
571351
571367
571423
571430
571436
571498
571649
571662
571680
571687
571741
571772
572077
572302
572307
572349
572351
572364
572385
572408
572527
572541
572606
572628
572759
572870
573036
573388
573448
573462
573564
573743
573749
573900
574017
574036
574052
574055
574093
574170
574266
574370
574419
574441
574471
574495
574584
574711
574743
574767
574809
574821
574826
574833
575157
575537
575830
575842
575850
575915
575948
575989
575993
576135
576259
576289
576555
576683
576710
576731
576817
576919
576986
577050
577051
577061
577257
577554
577590
577628
577633
577637
577658
577780
577812
577831
577843
577892
578162
578223
578300
578302
578358
578372
578390
578395
578622
578665
579059
579096
579283
579288
579808
579874
579926
579966
580042
580486
580566
580630
580683
580689
580732
580744
580829
580874
581010
581015
581069
581078
581264
581344
581461
581489
581530
581771
581838
582116
582127
582160
582255
582273
582276
582291
582293
582399
582464
582466
582591
582593
582609
582618
582654
582717
582917
583007
583010
583045
583047
583354
583432
583540
583567
583577
583790
584067
584405
584468
584520
584609
584665
584739
584761
584887
585024
585062
585117
585143
585270
585360
585444
585466
585467
585468
585486
585529
585551
585661
585691
586263
586303
586374
586416
586609
586741
586779
586932
586999
587004
587007
587216
587283
587379
587447
587767
587921
587983
587989
588173
588287
588288
588372
588579
588659
588828
588987
589330
589395
589440
589484
589511
589525
589720
589739
589801
589821
589933
589960
589994
590016
590500
590584
590587
590701
591072
591110
591128
591552
591614
591638
591815
591821
591941
591982
591988
592136
592168
592170
592200
592665
592679
592728
592880
592994
593034
593056
593166
593167
593169
593327
593394
593648
593657
593745
593779
593803
593852
593881
593952
594004
594217
594596
594668
594677
594829
594925
595265
595365
595623
595653
595691
595722
595758
595914
595957
596036
596038
596714
596855
596857
597022
597166
597176
597183
597198
597227
597257
597336
597343
597355
597570
597610
597821
597892
597893
598045
598055
598204
598212
598237
598604
598698
598893
599078
599110
599266
599323
599353
599475
599490
599491
599527
599533
599679
599689
599710
599716
599735
599891
600227
600698
600699
600836
600929
601074
601151
601308
601331
601358
601527
601671
601699
601701
601711
601804
601831
602022
614282
617737
617835
617851
617936
628903
629196
629935
629953
629964
629979
629980
629994
629996
630003
630099
630118
630126
630149
630150
630151
630158
630208
630231
630234
630303
630305
630367
630402
630482
630486
630539
630540
630735
630744
630928
630961
630963
631041
631061
631064
631153
631204
631215
631295
631345
631461
631507
631535
631659
631666
631680
631772
631796
631849
631868
631899
631947
632140
632173
632199
632258
632313
632329
632549
632550
633444
633784
636820
636843
636844
637754
637852
638355
652686
652942
653806
654630
654765
654773
660450
660513
660675
664512
664526
675816
675845
675866
675893
676170
676337
676350
676460
676753
676763
677019
677050
677131
677200
677303
677368
677378
677394
677683
677703
677730
677856
678043
678050
678084
678223
678257
678373
678621
679153
679205
679206
682158
682420
685046
696109
697645
698640
701114
701208
701317
703035
707129
707783
711579
714581
714687
724053
725509
740351
741906
742452
750530
751116
753412
753422
753454
753954
754882
754986
755021
755063
761731
761732
761802
762603
773551
776084
777356
778417
779855
782466
785125
789251
790535
790746
792907
796084
805275
805951
813976
814076
817438
817554
817640
819963
820040
820115
828978
829043
832766
840765
845121
845127
845165
845170
845180
845190
845205
845271
845373
845474
847686
850638
850646
850647
850681
850683
850700
850723
850747
850775
850800
850806
850810
850831
850857
850878
850888
850907
850933
851249
851702
851707
851713
851750
851759
851760
851773
851780
851815
851820
851826
851851
851862
851870
851908
852004
852008
852022
852728
852737
852740
852760
852777
852864
852875
852891
852892
852903
852952
852979
853663
853711
853724
853852
858971
859609
859724
860724
862026
862085
864541
867478
867511
868343
869572
870399
877860
879216
879227
879246
879416
879505
879531
879545
880303
880341
880640
882787
882826
882832
882848
882853
882871
882890
882905
882914
882923
882951
883083
883136
883164
883165
883175
883201
883234
883235
883237
883926
883953
883962
883976
883978
884005
884018
884047
884071
884121
884239
884257
884260
884277
884295
884331
884341
884348
885075
885116
885240
886049
886147
886374
886544
886558
886589
886618
886619
886628
886677
886685
886742
886755
886783
887308
887886
887992
888199
888224
888505
888601
888647
890009
892617
892939
897492
905826
905930
906006
910096
919166
919167
919214
919248
920259
920968
921025
921592
921689
921795
922894
928101
928614
929935
930062
932877
936530
937703
941545
945259
945262
953327
954086
954125
954814
965094
965516
977188
977552
979745
981507
981876
981889
981900
981914
981919
981922
982110
982183
982213
982227
982333
982534
982569
982608
982657
982664
982678
982743
982815
982881
982994
983406
983563
983604
983931
983933
983935
984039
984267
984371
984460
984486
984766
984773
984854
984940
984953
984955
984995
985044
985062
985353
985422
985432
985436
985446
985509
985536
985583
985585
985614
985639
985653
985672
985725
985795
985833
985862
985904
985958
986024
986034
986035
986064
986122
986129
986173
986196
986207
986209
986211
986214
986221
986237
986245
986303
986310
986350
986359
986366
986368
986379
986428
986455
986557
986832
986947
986980
987237
987243
987501
987669
987703
987718
987740
987742
987834
987937
987977
988107
988166
988167
988409
988485
988506
988594
988595
988660
988738
988768
988793
988810
988921
988995
989007
989026
989196
989208
989381
989468
989494
989536
989723
989730
989834
989857
990152
990208
990209
990214
990218
990323
990859
990924
991100
991126
991284
991317
991342
991863
991913
991977
992011
992195
992199
992201
992204
992279
992443
992493
992641
992647
992669
992859
993003
993032
993287
993393
993460
993508
993530
993545
993567
993742
993855
993865
993892
993893
994342
994402
994433
994444
994463
994590
994595
994686
994845
994853
994882
994883
995433
995462
995565
995655
995704
995799
996283
996285
996348
996403
996484
996563
996617
996688
996702
996830
996834
996837
996907
997284
997287
997304
997948
998071
998446
998453
998454
998539
998773
998912
999036
999040
999292
999610
1000083
1000105
1000107
1000323
1000324
1000325
1000346
1000353
1000417
1000437
1000451
1000456
1000461
1000525
1000602
1000606
1000611
1000618
1000619
1000635
1000708
1000762
1000769
1000772
1000774
1000791
1000805
1000807
1000808
1000809
1000819
1000820
1000821
1000822
1000827
1000894
1000895
1000908
1000915
1000924
1000969
1000976
1001017
1001047
1001051
1001062
1001109
1001168
1001201
1001204
1001205
1001207
1001216
1001220
1001236
1001287
1001290
1001299
1001306
1001308
1001332
1001342
1001344
1001351
1001366
1001392
1001439
1001511
1001518
1001521
1001536
1001545
1001547
1001600
1001609
1001638
1001706
1001725
1001730
1001807
1002002
1002068
1002099
1002100
1002110
1002288
1002333
1002387
1002465
1002516
1002681
1003159
1003184
1003186
1003419
1003421
1003431
1003495
1003936
1003977
1003980
1004005
1004008
1004163
1004336
1004369
1004372
1004385
1004680
1004881
1004887
1004997
1005025
1005231
1005291
1005304
1005455
1005489
1005505
1005831
1005987
1006021
1006156
1006203
1006281
1006290
1006304
1006511
1006550
1006788
1006972
1006979
1007150
1007278
1007299
1007539
1007640
1007866
1007905
1007927
1007933
1007943
1007960
1008267
1008413
1008635
1008638
1009178
1009227
1009236
1009249
1009410
1009717
1009733
1009753
1009776
1009799
1009918
1009925
1009950
1010075
1010080
1010082
1010200
1010299
1010300
1010520
1010525
1010529
1010591
1010832
1010897
1011040
1011231
1011426
1011429
1011616
1011712
1011935
1011952
1012015
1012130
1012247
1012285
1012286
1012304
1012334
1012405
1012524
1012601
1012626
1012627
1012800
1013042
1013104
1013384
1013657
1013723
1013850
1014022
1014129
1014132
1014133
1014516
1014521
1014650
1014651
1014843
1014844
1014977
1015326
1015343
1015403
1015547
1015643
1015791
1016373
1016538
1016709
1016714
1017113
1017116
1017218
1017286
1017287
1017302
1017567
1017657
1017744
1017783
1017794
1017922
1017949
1017950
1018076
1018077
1018136
1018219
1018280
1018321
1018476
1018520
1018533
1018566
1018577
1018601
1018687
1018755
1018785
1018894
1018979
1019277
1019488
1019493
1019515
1019664
1019682
1019683
1019733
1020072
1020262
1020445
1020446
1027579
1031358
1032327
1035192
1037456
1040761
1040973
1041079
1041740
1041800
1045903
1046120
1046321
1050406
1051554
1052218
1059547
1059827
1061763
1063546
1063599
1064574
1064718
1064748
1067253
1067942
1069994
1075212
1080073
1082163
1085461
1089337
1090360
1093988
1095878
1097938
1098064
1099728
1103413
1104092
1107708
1107919
1112680
1120002
1121859
1138766
1143497
1144642
1144972
1165758
1175534
1176978
1177185
1178561
1180861
1180967
1182042
1185576
1188712
1201580
1201635
1202196
1210724
1212561
1212811
1227752
1228646
1229423
1229838
1232824
1250210
1250410
1251885
1251905
1252117
1256793
1260756
1261320
1261330
1261379
1261381
1261398
1261405
1261410
1261426
1261436
1261448
1261464
1261481
1261485
1261487
1261504
1261505
1261514
1261531
1261546
1261638
1266681
1266683
1266687
1266698
1266706
1266719
1266727
1266764
1266765
1266790
1266796
1266812
1266824
1266827
1266846
1266866
1266931
1266947
1266965
1266992
1267025
1267417
1267875
1267901
1267910
1267958
1267960
1267982
1268014
1268022
1268024
1268032
1268120
1268132
1268159
1268210
1268853
1268858
1268878
1268993
1269850
1269873
1271851
1276941
1282650
1283002
1285010
1295012
1295112
1298518
1298530
1298567
1298576
1298584
1298603
1298639
1298675
1298676
1298703
1298706
1298899
1298912
1298929
1298932
1298935
1298951
1298979
1299708
1299717
1299733
1299759
1299769
1299786
1299815
1299970
1299988
1300010
1300068
1300720
1300792
1302262
1307068
1309311
1320856
1321384
1334949
1335493
1335498
1335792
1335796
1335970
1336119
1356298
1356416
1356945
1370582
1374225
1375672
1375679
1378088
1386842
1392954
1397214
1397797
1397838
1397964
1398002
1398069
1398129
1398131
1398224
1398247
1398284
1398289
1398290
1398425
1398470
1399018
1399197
1399198
1399254
1399256
1399343
1399488
1399509
1399558
1399559
1399647
1399745
1400045
1400138
1400168
1400611
1400923
1401014
1401023
1401032
1401046
1401119
1401315
1401395
1401545
1401580
1401691
1401736
1401750
1401875
1401959
1402049
1402163
1402174
1402207
1402390
1402419
1402424
1402698
1402699
1402925
1402956
1402982
1403054
1403254
1403292
1403305
1403361
1403411
1403416
1403533
1403586
1403687
1403720
1403910
1403978
1404308
1404380
1404383
1404435
1404447
1404540
1404780
1404915
1404918
1404919
1405161
1405282
1405470
1405489
1405530
1405730
1405915
1405977
1405994
1406006
1406893
1406895
1407059
1407748
1407913
1407975
1408085
1408086
1408095
1408142
1408202
1408205
1408712
1408814
1408956
1408958
1409056
1409057
1409072
1409082
1409271
1409816
1409820
1409821
1409986
1410154
1410356
1410357
1410402
1410438
1410529
1410866
1411015
1411160
1411194
1411265
1411297
1411383
1411396
1411833
1412101
1412106
1412244
1412421
1412452
1412513
1412625
1412633
1412828
1412993
1413185
1413190
1413194
1413288
1413484
1413491
1413570
1413822
1413823
1413851
1413857
1414199
1414256
1414262
1414439
1414476
1414620
1414809
1414840
1414849
1414857
1414881
1415067
1415068
1415221
1415346
1415404
1415919
1415932
1416046
1416571
1416580
1416719
1416821
1416823
1416866
1417065
1417070
1417105
1417266
1417422
1417426
1417427
1417461
1417515
1417738
1417769
1417777
1417875
1418098
1418683
1418690
1418779
1418952
1419172
1419373
1419378
1419445
1419659
1419711
1419723
1419924
1420447
1420678
1420757
1420949
1420988
1421012
1421173
1421186
1421196
1421297
1421314
1421537
1421556
1421558
1421642
1421702
1421763
1421764
1421765
1421769
1422016
1422134
1422218
1422237
1422509
1422703
1422969
1423005
1423324
1423814
1423824
1423827
1423868
1423874
1424308
1424311
1424315
1424342
1424889
1424905
1425312
1425315
1425319
1425439
1425451
1425648
1425816
1425890
1426044
1426139
1426201
1426535
1426549
1426550
1426551
1426987
1427054
1427287
1427343
1427634
1427739
1428070
1428097
1428318
1428480
1429000
1429213
1429220
1429286
1429352
1429512
1429658
1429986
1430037
1430131
1430142
1430154
1430366
1430392
1430461
1430466
1430553
1430640
1430823
1431055
1431056
1431228
1431255
1431385
1431476
1431678
1431706
1432054
1432230
1432315
1432426
1432442
1432564
1432670
1432677
1432683
1432984
1433013
1433275
1433276
1433294
1433332
1433496
1433581
1433582
1434103
1434170
1434256
1434355
1434358
1434619
1434696
1435117
1435248
1435366
1435381
1435398
1435604
1435820
1435845
1435972
1436068
1436138
1436155
1436226
1443717
1444000
1444810
1444872
1446767
1452737
1452994
1456916
1465255
1465256
1465384
1468134
1472269
1472930
1491514
1494934
1495448
1495699
1498873
1501798
1501819
1502226
1506859
1506898
1509449
1509478
1512582
1512608
1525781
1527806
1528099
1528282
1529659
1549805
1549895
1550295
1550488
1550671
1570642
1575323
1576005
1576171
1576466
1587013
1592013
1592120
1602494
1602787
1603151
1603241
1634976
1634998
1636497
1639786
1640104
1640183
1647298
1647309
1649570
1651102
1651181
1653607
1668246
1668657
1673510
1673538
1676254
1678959
1678960
1678967
1678988
1679015
1679016
1679020
1679032
1679056
1679059
1679064
1679092
1679098
1679130
1679150
1679169
1679172
1679189
1679205
1679209
1679260
1679263
1679267
1679284
1679286
1684269
1684295
1684313
1684326
1684344
1684366
1684373
1684387
1684407
1684410
1684411
1684413
1684417
1684435
1684436
1684443
1684444
1684449
1684453
1684501
1684512
1684526
1684528
1684534
1684544
1685382
1685386
1685396
1685421
1685444
1685450
1685495
1685545
1685572
1685574
1685591
1685610
1685623
1685628
1685644
1685713
1686321
1686344
1686514
1686584
1687318
1687466
1691626
1694178
1702587
1704466
1704473
1704475
1704927
1704932
1706395
1706541
1706559
1706883
1706885
1707997
1708223
1708725
1708731
1712405
1712479
1713523
1715770
1715774
1715790
1715801
1715811
1715820
1715831
1715839
1716047
1716062
1716064
1716100
1716111
1716120
1716133
1716135
1716140
1716170
1716202
1716213
1716221
1716902
1716923
1716926
1716934
1716992
1716993
1717001
1717005
1717036
1717050
1717058
1717070
1717200
1717292
1717394
1717395
1717967
1718013
1718242
1718289
1718514
1718592
1718834
1719783
1720927
1722640
1722661
1722667
1722677
1723136
1726763
1728722
1729936
1729981
1730066
1732060
1732496
1732508
1735723
1736168
1736191
1736855
1736857
1737044
1737357
1737765
1738320
1739165
1739172
1739196
1739209
1739362
1739576
1740088
1740089
1740091
1740096
1740521
1740597
1741123
1741135
1741438
1741443
1741701
1741705
1743877
1744046
1744062
1744667
1744673
1744674
1744675
1744676
1744748
1744796
1745266
1745271
1745279
1746524
1746527
1746535
1747488
1748157
1750230
1750892
1751358
1751368
1751498
1751726
1751832
1752140
1752320
1752577
1752579
1752584
1752622
1752655
1753225
1753498
1753828
1754020
1754548
1755607
1755961
1757013
1757016
1757822
1757824
1757830
1759478
1759479
1759636
1759714
1759720
1759877
1759889
1759949
1759992
1760262
1760357
1762471
1762472
1762538
1762720
1762953
1763610
1763675
1763840
1764034
1764042
1764646
1765226
1765659
1765804
1767058
1767361
1768116
1768209
1768805
1769095
1769136
1769217
1769227
1770664
1772253
1772259
1773456
1773781
1773782
1773784
1774422
1774433
1774440
1775189
1775372
1775641
1775661
1775700
1776569
1776577
1778691
1778793
1779105
1779914
1780690
1780700
1781318
1781924
1782036
1782702
1782790
1783225
1783757
1783810
1783982
1784099
1785940
1786167
1786285
1786844
1786939
1787649
1787907
1788436
1788455
1788869
1788999
1789185
1789199
1789282
1789573
1789581
1789792
1790176
1790182
1791120
1791988
1791996
1792103
1792919
1792962
1792965
1792968
1793150
1793597
1793874
1794400
1794443
1794449
1794450
1795269
1797384
1797400
1797755
1798422
1800323
1800387
1801217
1801223
1801862
1801865
1803006
1803530
1804989
1804995
1804998
1805616
1806131
1807660
1807983
1808112
1808547
1809088
1809108
1810179
1813656
1813998
1814005
1814120
1814468
1814609
1814695
1814729
1814737
1814738
1814743
1814746
1814748
1815032
1815213
1815293
1815383
1815439
1815471
1815480
1815492
1815619
1815746
1815863
1815903
1816092
1816166
1816228
1816304
1816318
1816446
1816450
1816490
1816604
1816740
1816775
1816780
1816789
1816836
1817146
1817413
1817417
1817506
1817961
1818005
1818157
1818271
1818285
1818330
1818522
1818530
1818531
1818532
1818831
1819349
1819351
1819676
1819949
1819959
1820312
1820351
1820389
1820931
1820963
1821004
1821145
1821413
1821533
1821608
1821614
1821622
1821644
1821658
1821699
1821765
1821896
1822094
1822095
1822443
1822461
1822481
1822652
1822660
1822663
1822695
1822697
1822897
1822983
1823052
1823565
1823567
1823634
1823639
1823663
1823780
1823792
1823874
1823898
1824026
1824146
1824156
1824376
1824690
1824725
1824823
1824846
1824889
1825202
1825212
1825266
1825563
1826105
1826109
1826160
1826205
1826279
1826329
1826330
1826363
1826374
1826387
1826423
1826497
1826548
1826555
1826570
1826927
1826935
1827024
1827118
1827172
1827235
1827255
1827299
1827300
1827315
1827318
1827419
1827506
1827858
1827886
1828086
1828121
1828123
1828136
1828230
1828452
1828477
1828532
1828535
1828688
1829068
1829527
1829597
1829725
1829760
1830168
1830269
1830272
1830276
1830278
1830443
1830575
1830633
1830803
1830826
1830837
1831279
1831381
1831406
1831427
1831448
1831835
1831877
1832092
1832347
1832377
1832380
1832776
1833117
1833356
1833360
1833401
1833403
1833408
1833485
1833574
1833691
1833870
1834133
1834134
1834597
1834708
1834768
1834778
1834790
1834792
1834886
1834894
1835051
1835052
1835091
1835117
1835384
1835451
1835453
1835463
1835481
1835678
1835688
1835814
1835877
1835905
1836015
1836032
1836068
1836394
1836396
1836418
1836741
1836898
1837017
1837064
1837066
1837163
1837174
1837187
1837264
1837266
1837437
1837447
1837506
1837660
1837665
1837689
1837695
1837950
1838098
1838220
1838228
1838239
1838346
1838462
1838465
1838468
1838469
1838625
1838655
1838900
1838924
1838930
1838974
1839091
1839200
1839343
1839687
1839720
1839746
1839909
1839942
1840167
1840202
1840242
1840558
1840576
1840758
1840923
1840927
1840993
1841209
1841335
1841352
1841539
1841844
1841931
1841938
1841986
1841988
1842037
1842056
1842080
1842128
1842137
1842143
1842302
1842324
1842325
1842329
1842519
1843053
1843104
1843250
1843251
1843283
1843338
1843934
1844012
1844014
1844324
1844364
1844779
1844869
1844870
1844871
1844872
1844879
1845037
1845054
1845071
1845074
1845077
1845377
1845473
1845485
1845934
1846134
1846147
1846148
1846158
1846182
1846316
1846317
1846436
1846655
1846907
1846912
1847090
1847153
1847191
1847228
1847232
1847290
1847292
1847293
1847370
1847403
1847405
1847407
1847534
1847575
1847928
1847935
1847969
1848071
1848081
1848271
1848465
1848489
1848804
1848871
1848953
1848974
1849025
1849036
1849172
1849210
1849221
1849232
1849328
1849333
1849416
1849447
1849816
1849934
1849992
1849993
1850079
1850083
1850268
1850274
1850474
1850708
1850885
1851084
1851089
1851339
1851561
1851571
1851593
1851767
1851773
1851775
1851917
1852007
1852030
1860428
1862012
1862120
1862560
1862588
1864798
1864847
1875391
1887350
1887354
1897891
1899239
1900572
1904857
1904970
1915485
1916553
1916618
1923190
1923546
1924615
1924735
1933499
1933635
1937849
1940151
1944720
1945964
1948081
1948136
1949620
1950456
1951354
1951407
1951736
1952997
1959517
1959554
1965958
1966012
1976542
1979829
1979834
1981236
1983747
1986232
1987388
1990859
1990933
1990942
1996840
1999058
1999067
2004553
2004696
2009972
2015575
2019748
2019792
2024139
2024630
2024722
2025985
2029447
2031674
2032912
2032964
2033027
2034431
2034685
2035061
2036782
2037070
2040965
2041400
2045574
2046192
2047166
2047167
2051227
2061460
2061463
2062111
2072187
2072259
2073091
2076433
2077860
2078001
2085319
2085321
2086547
2086713
2086717
2086719
2086975
2086979
2086981
2087076
2087457
2087460
2087800
2088064
2088065
2088066
2088177
2088643
2089691
2089692
2089784
2089930
2089932
2089979
2089999
2090003
2090004
2093247
2093257
2093273
2093275
2093276
2093288
2093305
2093307
2093318
2093338
2093348
2093359
2093379
2093407
2093463
2093491
2093507
2093515
2093525
2093526
2093528
2093549
2093550
2093558
2093566
2098462
2098476
2098478
2098484
2098498
2098508
2098536
2098542
2098550
2098561
2098562
2098578
2098603
2098618
2098635
2098656
2098660
2098683
2098701
2098717
2098738
2098743
2099533
2099555
2099558
2099573
2099667
2099668
2099678
2099681
2099744
2099825
2099828
2099862
2100525
2100591
2100645
2100708
2100711
2100717
2100766
2101450
2109945
2121055
2121063
2129666
2129678
2129690
2129725
2129730
2129739
2129767
2129770
2129891
2129892
2129899
2129900
2129901
2129902
2129932
2129942
2129944
2129949
2129950
2129954
2129995
2130014
2130038
2130040
2130719
2130747
2130810
2130829
2130847
2130867
2130888
2130889
2131028
2131103
2131739
2131742
2136917
2144715
2145697
2149976
2152923
2155076
2155107
2155126
2155215
2155266
2155333
2155410
2155433
2155436
2155448
2155532
2156179
2156241
2156674
2157540
2160734
2165431
2165625
2165630
2165909
2165916
2166183
2166184
2169651
2169708
2190398
2192277
2200099
2201268
2201677
2201877
2202002
2211169
2211371
2219147
2219174
2221910
2227410
2227421
2227677
2227689
2227851
2228019
2228020
2228731
2228818
2229036
2229037
2229038
2229078
2229081
2229082
2229085
2229086
2229269
2229270
2229288
2229289
2229419
2229420
2229670
2229803
2229859
2229861
2229862
2230098
2230101
2230131
2230161
2230202
2230505
2230752
2230801
2230804
2230819
2230829
2230830
2231015
2231064
2231168
2231176
2231279
2231806
2231807
2231872
2232141
2232169
2232176
2232180
2232392
2232393
2232402
2232611
2232979
2232982
2232983
2233018
2233275
2233280
2233344
2233345
2233349
2233604
2233736
2233775
2233776
2233829
2233875
2233989
2234065
2234066
2234333
2234340
2234571
2234754
2234781
2234839
2234907
2235045
2235287
2235289
2235427
2235731
2235732
2235734
2235738
2235744
2235787
2236088
2236117
2236184
2236202
2236358
2236594
2236919
2237302
2237303
2237455
2237633
2237839
2237933
2238032
2238109
2238356
2238375
2239371
2239385
2239535
2239606
2239618
2239759
2239817
2240118
2240203
2240250
2240254
2240265
2240552
2240554
2240664
2240759
2241139
2241143
2241146
2241329
2241347
2241349
2241846
2241866
2242169
2242214
2242215
2242255
2242492
2242535
2242651
2242734
2242765
2242766
2242768
2242769
2243664
2243963
2243974
2243976
2243999
2244126
2244147
2244212
2244214
2244743
2244891
2245064
2245491
2245560
2245622
2245727
2245848
2246048
2246089
2246108
2246114
2246513
2246676
2246684
2246755
2246807
2246856
2246905
2247110
2247189
2247191
2247193
2247299
2247499
2247701
2247929
2247931
2247950
2247955
2248440
2248714
2248723
2248826
2249074
2249584
2249606
2249627
2249843
2249867
2250259
2250458
2250509
2250607
2250970
2250984
2251202
2251321
2251495
2252066
2252129
2252306
2252368
2252460
2252727
2252818
2252819
2253045
2253047
2253059
2253060
2253732
2253746
2254008
2254099
2254190
2254356
2254457
2254773
2255086
2255089
2255128
2255413
2255414
2255427
2255926
2255936
2256196
2256206
2256208
2256266
2256331
2256430
2256446
2256453
2256498
2256521
2256545
2256571
2256573
2256574
2256609
2256667
2256690
2256752
2256753
2256814
2256907
2256919
2256985
2256986
2257047
2257059
2257065
2257085
2257088
2257090
2257109
2257113
2257195
2257220
2257221
2257223
2257227
2257235
2257282
2257757
2258013
2258037
2258958
2259316
2259382
2259614
2259855
2259858
2259949
2259964
2260023
2260156
2260161
2260295
2260444
2260975
2261031
2261055
2261069
2261103
2261268
2261304
2261407
2261408
2261410
2261964
2262189
2262262
2262376
2262391
2262663
2262758
2262792
2262911
2262922
2263078
2263137
2263296
2263733
2263801
2263836
2263837
2263953
2264277
2264380
2264575
2264576
2264579
2264668
2264763
2264795
2264800
2264804
2264824
2264881
2264882
2272387
2272406
2272451
2272455
2272516
2272571
2272647
2272648
2272649
2272658
2272727
2272770
2272824
2272826
2272863
2272868
2272874
2272884
2272888
2272916
2272921
2272958
2273058
2273065
2273068
2273075
2273078
2273109
2273110
2273143
2273155
2273176
2273187
2273221
2273222
2273230
2273246
2273258
2273263
2273265
2273282
2273285
2273320
2273325
2273332
2273367
2276787
2287667
2504346
2504350
2504377
2504383
2504393
2504396
2504404
2504407
2504410
2504412
2504435
2504452
2504468
2504469
2504470
2504479
2504485
2504506
2504526
2504599
2504625
2509366
2509374
2509414
2509475
2509476
2509501
2509506
2509511
2509513
2509528
2509532
2509550
2509551
2509561
2509570
2509572
2509574
2509598
2509627
2509649
2509651
2509662
2509673
2509674
2509686
2509689
2509692
2509695
2510448
2510449
2510471
2510496
2510514
2510515
2510606
2510617
2510641
2510664
2510668
2510669
2510670
2510752
2511397
2539736
2539751
2539752
2539764
2539793
2539795
2539809
2539836
2539867
2539877
2539881
2539882
2540029
2540033
2540039
2540094
2540125
2540126
2540130
2540146
2540149
2540151
2540164
2540177
2540183
2540184
2540188
2540189
2540190
2540862
2540882
2540892
2540922
2569326
2575025
2575133
2575581
2597757
2597837
2598970
2599091
2599285
2599415
2600624
2600646
2605648
2605664
2606082
2606161
2606315
2606662
2606891
2606903
2606986
2607132
2607143
2608520
2608924
2609046
2609127
2609319
2609856
2610025
