 1.0000    0.626     0.432     0.721     0.824
 0.9975    0.448     0.391     0.816     0.843
 0.9929    0.365     0.352     0.855     0.861
 0.9871    0.308     0.312     0.881     0.879
 0.9802    0.263     0.274     0.900     0.895
 0.9725    0.226     0.239     0.915     0.910
 0.9641    0.193     0.206     0.928     0.923
 0.9550    0.164     0.177     0.940     0.935
 0.9454    0.137     0.149     0.950     0.945
 0.9352    0.113     0.124     0.959     0.955
 0.9246    0.090     0.101     0.968     0.964
 0.9136    0.069     0.079     0.976     0.972
 0.9022    0.048     0.058     0.983     0.980
 0.8904    0.029     0.038     0.990     0.987
 0.8783    0.011     0.019     0.996     0.993
 0.8660   -0.007     0.001     1.002     1.000
 0.8533   -0.024    -0.016     1.008     1.006
 0.8404   -0.041    -0.033     1.014     1.011
 0.8273   -0.057    -0.050     1.019     1.017
 0.8140   -0.073    -0.066     1.025     1.022
 0.8005   -0.088    -0.081     1.030     1.028
 0.7868   -0.103    -0.097     1.035     1.033
 0.7730   -0.118    -0.112     1.040     1.037
 0.7591   -0.133    -0.127     1.044     1.042
 0.7450   -0.148    -0.141     1.049     1.047
 0.7308   -0.162    -0.156     1.054     1.052
 0.7165   -0.177    -0.171     1.058     1.056
 0.7022   -0.191    -0.185     1.063     1.061
 0.6878   -0.206    -0.199     1.067     1.065
 0.6733   -0.220    -0.214     1.071     1.069
 0.6588   -0.234    -0.228     1.076     1.074
 0.6442   -0.249    -0.243     1.080     1.078
 0.6297   -0.263    -0.257     1.084     1.082
 0.6151   -0.278    -0.272     1.089     1.087
 0.6005   -0.293    -0.286     1.093     1.091
 0.5860   -0.308    -0.301     1.097     1.095
 0.5714   -0.323    -0.316     1.102     1.100
 0.5569   -0.338    -0.331     1.106     1.104
 0.5424   -0.353    -0.346     1.110     1.108
 0.5280   -0.368    -0.361     1.114     1.113
 0.5136   -0.384    -0.377     1.119     1.117
 0.4993   -0.399    -0.392     1.123     1.121
 0.4850   -0.415    -0.408     1.127     1.125
 0.4709   -0.431    -0.424     1.132     1.130
 0.4568   -0.447    -0.440     1.136     1.134
 0.4428   -0.463    -0.456     1.140     1.138
 0.4289   -0.479    -0.472     1.145     1.143
 0.4152   -0.496    -0.488     1.149     1.147
 0.4015   -0.512    -0.504     1.153     1.151
 0.3880   -0.529    -0.521     1.157     1.155
 0.3746   -0.545    -0.537     1.162     1.159
 0.3613   -0.562    -0.553     1.166     1.164
 0.3482   -0.579    -0.570     1.170     1.168
 0.3353   -0.595    -0.586     1.174     1.172
 0.3225   -0.612    -0.603     1.178     1.176
 0.3099   -0.629    -0.619     1.182     1.180
 0.2974   -0.645    -0.635     1.186     1.184
 0.2851   -0.662    -0.652     1.190     1.188
 0.2730   -0.678    -0.668     1.194     1.192
 0.2611   -0.695    -0.684     1.198     1.196
 0.2494   -0.711    -0.700     1.202     1.199
 0.2379   -0.727    -0.715     1.206     1.203
 0.2266   -0.743    -0.731     1.209     1.207
 0.2155   -0.758    -0.746     1.213     1.210
 0.2046   -0.773    -0.761     1.217     1.214
 0.1939   -0.788    -0.776     1.220     1.217
 0.1835   -0.803    -0.790     1.223     1.220
 0.1733   -0.817    -0.804     1.226     1.223
 0.1634   -0.831    -0.817     1.230     1.226
 0.1537   -0.845    -0.830     1.233     1.229
 0.1442   -0.858    -0.842     1.235     1.232
 0.1350   -0.870    -0.854     1.238     1.235
 0.1261   -0.882    -0.865     1.241     1.237
 0.1174   -0.893    -0.876     1.243     1.239
 0.1090   -0.903    -0.885     1.245     1.241
 0.1008   -0.912    -0.894     1.247     1.243
 0.0930   -0.921    -0.902     1.249     1.245
 0.0854   -0.928    -0.908     1.250     1.246
 0.0781   -0.933    -0.913     1.252     1.247
 0.0712   -0.937    -0.916     1.252     1.248
 0.0645   -0.939    -0.916     1.253     1.248
 0.0581   -0.938    -0.915     1.253     1.248
 0.0520   -0.934    -0.910     1.252     1.247
 0.0463   -0.926    -0.900     1.250     1.245
 0.0408   -0.913    -0.886     1.247     1.242
 0.0357   -0.894    -0.866     1.243     1.237
 0.0309   -0.867    -0.837     1.237     1.231
 0.0264   -0.829    -0.799     1.229     1.222
 0.0223   -0.779    -0.747     1.218     1.210
 0.0185   -0.711    -0.678     1.202     1.194
 0.0150   -0.623    -0.589     1.181     1.173
 0.0119   -0.508    -0.473     1.152     1.143
 0.0092   -0.362    -0.326     1.113     1.102
 0.0067   -0.182    -0.147     1.060     1.049
 0.0047    0.034     0.064     0.988     0.977
 0.0030    0.279     0.305     0.893     0.882
 0.0017    0.539     0.560     0.770     0.758
 0.0008    0.786     0.802     0.616     0.605
 0.0002    0.991     1.001     0.435     0.424
 0.0000    1.126     1.132     0.236     0.224
 0.0002    1.180     1.180     0.032     0.021
 0.0008    1.155     1.151    -0.163    -0.173
 0.0017    1.068     1.061    -0.338    -0.348
 0.0030    0.940     0.931    -0.488    -0.497
 0.0047    0.793     0.782    -0.611    -0.619
 0.0067    0.642     0.630    -0.711    -0.718
 0.0092    0.498     0.486    -0.791    -0.797
 0.0119    0.367     0.355    -0.855    -0.860
 0.0150    0.249     0.239    -0.906    -0.910
 0.0185    0.146     0.134    -0.947    -0.951
 0.0223    0.057     0.045    -0.980    -0.984
 0.0264   -0.021    -0.033    -1.007    -1.011
 0.0309   -0.088    -0.099    -1.030    -1.033
 0.0357   -0.145    -0.157    -1.048    -1.052
 0.0408   -0.195    -0.206    -1.064    -1.067
 0.0463   -0.239    -0.249    -1.077    -1.080
 0.0520   -0.276    -0.286    -1.088    -1.091
 0.0581   -0.308    -0.318    -1.097    -1.100
 0.0645   -0.336    -0.346    -1.105    -1.108
 0.0712   -0.360    -0.369    -1.112    -1.115
 0.0781   -0.381    -0.390    -1.118    -1.120
 0.0854   -0.399    -0.407    -1.123    -1.125
 0.0930   -0.414    -0.422    -1.127    -1.129
 0.1008   -0.427    -0.435    -1.131    -1.133
 0.1090   -0.438    -0.445    -1.133    -1.136
 0.1174   -0.446    -0.454    -1.136    -1.138
 0.1261   -0.453    -0.461    -1.138    -1.140
 0.1350   -0.459    -0.466    -1.139    -1.141
 0.1442   -0.463    -0.470    -1.140    -1.142
 0.1537   -0.466    -0.473    -1.141    -1.143
 0.1634   -0.467    -0.474    -1.141    -1.143
 0.1733   -0.468    -0.474    -1.141    -1.143
 0.1835   -0.467    -0.474    -1.141    -1.143
 0.1939   -0.465    -0.472    -1.141    -1.143
 0.2046   -0.463    -0.469    -1.140    -1.142
 0.2155   -0.459    -0.466    -1.139    -1.141
 0.2266   -0.455    -0.461    -1.138    -1.140
 0.2379   -0.450    -0.457    -1.137    -1.138
 0.2494   -0.445    -0.451    -1.135    -1.137
 0.2611   -0.439    -0.445    -1.134    -1.135
 0.2730   -0.432    -0.438    -1.132    -1.134
 0.2851   -0.425    -0.431    -1.130    -1.132
 0.2974   -0.417    -0.423    -1.128    -1.130
 0.3099   -0.409    -0.415    -1.126    -1.127
 0.3225   -0.401    -0.407    -1.124    -1.125
 0.3353   -0.392    -0.398    -1.121    -1.123
 0.3482   -0.383    -0.389    -1.119    -1.120
 0.3613   -0.374    -0.380    -1.116    -1.118
 0.3746   -0.364    -0.370    -1.113    -1.115
 0.3880   -0.355    -0.360    -1.111    -1.112
 0.4015   -0.345    -0.350    -1.108    -1.109
 0.4152   -0.335    -0.340    -1.105    -1.107
 0.4289   -0.324    -0.330    -1.102    -1.104
 0.4428   -0.314    -0.319    -1.099    -1.101
 0.4568   -0.304    -0.309    -1.096    -1.098
 0.4709   -0.293    -0.298    -1.093    -1.095
 0.4850   -0.282    -0.288    -1.090    -1.091
 0.4993   -0.272    -0.277    -1.087    -1.088
 0.5136   -0.261    -0.267    -1.084    -1.085
 0.5280   -0.250    -0.256    -1.080    -1.082
 0.5424   -0.240    -0.245    -1.077    -1.079
 0.5569   -0.229    -0.234    -1.074    -1.076
 0.5714   -0.218    -0.224    -1.071    -1.072
 0.5860   -0.207    -0.213    -1.067    -1.069
 0.6005   -0.197    -0.202    -1.064    -1.066
 0.6151   -0.186    -0.192    -1.061    -1.063
 0.6297   -0.175    -0.181    -1.058    -1.059
 0.6442   -0.164    -0.170    -1.054    -1.056
 0.6588   -0.153    -0.159    -1.051    -1.053
 0.6733   -0.142    -0.148    -1.047    -1.049
 0.6878   -0.131    -0.137    -1.044    -1.046
 0.7022   -0.120    -0.126    -1.040    -1.042
 0.7165   -0.109    -0.115    -1.037    -1.039
 0.7308   -0.098    -0.104    -1.033    -1.035
 0.7450   -0.087    -0.093    -1.029    -1.031
 0.7591   -0.075    -0.081    -1.025    -1.027
 0.7730   -0.063    -0.069    -1.021    -1.023
 0.7868   -0.051    -0.057    -1.017    -1.019
 0.8005   -0.039    -0.045    -1.013    -1.015
 0.8140   -0.026    -0.032    -1.009    -1.011
 0.8273   -0.013    -0.019    -1.004    -1.007
 0.8404    0.000    -0.006    -1.000    -1.002
 0.8533    0.014     0.008    -0.995    -0.997
 0.8660    0.029     0.022    -0.990    -0.992
 0.8783    0.044     0.037    -0.984    -0.987
 0.8904    0.060     0.053    -0.979    -0.981
 0.9022    0.077     0.070    -0.973    -0.975
 0.9136    0.095     0.087    -0.966    -0.969
 0.9246    0.114     0.106    -0.959    -0.962
 0.9352    0.134     0.126    -0.951    -0.954
 0.9454    0.156     0.148    -0.943    -0.946
 0.9550    0.180     0.172    -0.933    -0.937
 0.9641    0.207     0.198    -0.923    -0.926
 0.9725    0.237     0.227    -0.911    -0.915
 0.9802    0.273     0.260    -0.896    -0.901
 0.9871    0.315     0.296    -0.878    -0.886
 0.9929    0.370     0.337    -0.853    -0.868
 0.9975    0.450     0.380    -0.815    -0.849
 1.0000    0.626     0.432    -0.721    -0.824


