 1.0000    0.632     0.434     0.721     0.825
 0.9975    0.453     0.394     0.816     0.844
 0.9929    0.370     0.356     0.855     0.862
 0.9871    0.312     0.316     0.881     0.879
 0.9802    0.267     0.278     0.900     0.895
 0.9725    0.229     0.242     0.915     0.910
 0.9641    0.196     0.210     0.928     0.923
 0.9550    0.166     0.180     0.940     0.935
 0.9454    0.139     0.152     0.950     0.945
 0.9352    0.115     0.126     0.959     0.955
 0.9246    0.091     0.103     0.968     0.964
 0.9136    0.070     0.080     0.976     0.972
 0.9022    0.049     0.059     0.983     0.979
 0.8904    0.030     0.039     0.990     0.987
 0.8783    0.011     0.020     0.996     0.993
 0.8660   -0.007     0.001     1.002     1.000
 0.8533   -0.025    -0.016     1.008     1.006
 0.8404   -0.041    -0.034     1.014     1.011
 0.8273   -0.058    -0.050     1.019     1.017
 0.8140   -0.074    -0.067     1.025     1.022
 0.8005   -0.090    -0.082     1.030     1.027
 0.7868   -0.105    -0.098     1.035     1.032
 0.7730   -0.120    -0.113     1.040     1.037
 0.7591   -0.135    -0.129     1.044     1.042
 0.7450   -0.150    -0.144     1.049     1.047
 0.7308   -0.165    -0.158     1.054     1.051
 0.7165   -0.180    -0.173     1.058     1.056
 0.7022   -0.194    -0.188     1.063     1.061
 0.6878   -0.209    -0.203     1.067     1.065
 0.6733   -0.224    -0.217     1.071     1.069
 0.6588   -0.238    -0.232     1.076     1.074
 0.6442   -0.253    -0.247     1.080     1.078
 0.6297   -0.268    -0.261     1.084     1.082
 0.6151   -0.283    -0.276     1.089     1.087
 0.6005   -0.298    -0.291     1.093     1.091
 0.5860   -0.313    -0.306     1.097     1.095
 0.5714   -0.328    -0.322     1.102     1.100
 0.5569   -0.344    -0.337     1.106     1.104
 0.5424   -0.359    -0.352     1.110     1.108
 0.5280   -0.375    -0.368     1.114     1.112
 0.5136   -0.391    -0.384     1.119     1.117
 0.4993   -0.407    -0.399     1.123     1.121
 0.4850   -0.423    -0.415     1.127     1.125
 0.4709   -0.439    -0.431     1.132     1.130
 0.4568   -0.455    -0.448     1.136     1.134
 0.4428   -0.472    -0.464     1.140     1.138
 0.4289   -0.489    -0.480     1.145     1.142
 0.4152   -0.505    -0.497     1.149     1.147
 0.4015   -0.522    -0.514     1.153     1.151
 0.3880   -0.539    -0.530     1.157     1.155
 0.3746   -0.556    -0.547     1.162     1.159
 0.3613   -0.573    -0.564     1.166     1.164
 0.3482   -0.590    -0.581     1.170     1.168
 0.3353   -0.607    -0.598     1.174     1.172
 0.3225   -0.624    -0.615     1.178     1.176
 0.3099   -0.642    -0.631     1.182     1.180
 0.2974   -0.659    -0.648     1.186     1.184
 0.2851   -0.676    -0.665     1.190     1.188
 0.2730   -0.692    -0.681     1.194     1.192
 0.2611   -0.709    -0.698     1.198     1.196
 0.2494   -0.726    -0.714     1.202     1.199
 0.2379   -0.742    -0.730     1.206     1.203
 0.2266   -0.758    -0.746     1.209     1.207
 0.2155   -0.774    -0.762     1.213     1.210
 0.2046   -0.790    -0.777     1.217     1.214
 0.1939   -0.805    -0.792     1.220     1.217
 0.1835   -0.821    -0.807     1.223     1.220
 0.1733   -0.835    -0.821     1.226     1.223
 0.1634   -0.849    -0.835     1.230     1.226
 0.1537   -0.863    -0.848     1.233     1.229
 0.1442   -0.877    -0.861     1.235     1.232
 0.1350   -0.889    -0.873     1.238     1.235
 0.1261   -0.901    -0.884     1.241     1.237
 0.1174   -0.913    -0.895     1.243     1.239
 0.1090   -0.923    -0.905     1.245     1.241
 0.1008   -0.933    -0.914     1.247     1.243
 0.0930   -0.941    -0.921     1.249     1.245
 0.0854   -0.949    -0.928     1.250     1.246
 0.0781   -0.954    -0.933     1.252     1.247
 0.0712   -0.958    -0.936     1.252     1.248
 0.0645   -0.960    -0.937     1.253     1.248
 0.0581   -0.959    -0.935     1.253     1.248
 0.0520   -0.955    -0.929     1.252     1.246
 0.0463   -0.947    -0.920     1.250     1.245
 0.0408   -0.934    -0.905     1.247     1.241
 0.0357   -0.914    -0.884     1.243     1.237
 0.0309   -0.886    -0.855     1.237     1.231
 0.0264   -0.848    -0.815     1.229     1.222
 0.0223   -0.795    -0.762     1.218     1.210
 0.0185   -0.726    -0.691     1.202     1.194
 0.0150   -0.635    -0.600     1.181     1.172
 0.0119   -0.518    -0.481     1.152     1.143
 0.0092   -0.369    -0.331     1.113     1.102
 0.0067   -0.185    -0.149     1.060     1.049
 0.0047    0.035     0.066     0.988     0.977
 0.0030    0.283     0.310     0.893     0.882
 0.0017    0.545     0.566     0.770     0.758
 0.0008    0.793     0.810     0.616     0.605
 0.0002    0.998     1.009     0.435     0.423
 0.0000    1.134     1.139     0.236     0.224
 0.0002    1.187     1.188     0.032     0.021
 0.0008    1.162     1.159    -0.163    -0.174
 0.0017    1.075     1.068    -0.338    -0.348
 0.0030    0.948     0.938    -0.488    -0.497
 0.0047    0.800     0.789    -0.611    -0.620
 0.0067    0.649     0.637    -0.711    -0.718
 0.0092    0.504     0.491    -0.791    -0.797
 0.0119    0.371     0.359    -0.855    -0.860
 0.0150    0.253     0.241    -0.906    -0.910
 0.0185    0.149     0.136    -0.947    -0.951
 0.0223    0.058     0.045    -0.980    -0.984
 0.0264   -0.021    -0.033    -1.007    -1.011
 0.0309   -0.089    -0.101    -1.030    -1.033
 0.0357   -0.148    -0.160    -1.048    -1.052
 0.0408   -0.199    -0.210    -1.064    -1.067
 0.0463   -0.243    -0.254    -1.077    -1.080
 0.0520   -0.281    -0.292    -1.088    -1.091
 0.0581   -0.314    -0.324    -1.097    -1.100
 0.0645   -0.342    -0.352    -1.105    -1.108
 0.0712   -0.367    -0.377    -1.112    -1.115
 0.0781   -0.388    -0.397    -1.118    -1.121
 0.0854   -0.406    -0.415    -1.123    -1.125
 0.0930   -0.422    -0.431    -1.127    -1.129
 0.1008   -0.435    -0.443    -1.131    -1.133
 0.1090   -0.446    -0.454    -1.133    -1.136
 0.1174   -0.455    -0.463    -1.136    -1.138
 0.1261   -0.462    -0.470    -1.138    -1.140
 0.1350   -0.468    -0.475    -1.139    -1.141
 0.1442   -0.472    -0.479    -1.140    -1.142
 0.1537   -0.475    -0.482    -1.141    -1.143
 0.1634   -0.476    -0.483    -1.141    -1.143
 0.1733   -0.476    -0.484    -1.141    -1.143
 0.1835   -0.476    -0.483    -1.141    -1.143
 0.1939   -0.474    -0.481    -1.141    -1.143
 0.2046   -0.472    -0.478    -1.140    -1.142
 0.2155   -0.468    -0.475    -1.139    -1.141
 0.2266   -0.464    -0.470    -1.138    -1.140
 0.2379   -0.459    -0.465    -1.137    -1.139
 0.2494   -0.453    -0.460    -1.135    -1.137
 0.2611   -0.447    -0.453    -1.134    -1.135
 0.2730   -0.440    -0.447    -1.132    -1.134
 0.2851   -0.433    -0.439    -1.130    -1.132
 0.2974   -0.425    -0.431    -1.128    -1.130
 0.3099   -0.417    -0.423    -1.126    -1.127
 0.3225   -0.409    -0.415    -1.124    -1.125
 0.3353   -0.400    -0.406    -1.121    -1.123
 0.3482   -0.390    -0.396    -1.119    -1.120
 0.3613   -0.381    -0.387    -1.116    -1.118
 0.3746   -0.371    -0.377    -1.113    -1.115
 0.3880   -0.361    -0.367    -1.111    -1.112
 0.4015   -0.351    -0.357    -1.108    -1.109
 0.4152   -0.341    -0.346    -1.105    -1.107
 0.4289   -0.330    -0.336    -1.102    -1.104
 0.4428   -0.320    -0.325    -1.099    -1.101
 0.4568   -0.309    -0.315    -1.096    -1.098
 0.4709   -0.298    -0.304    -1.093    -1.095
 0.4850   -0.287    -0.293    -1.090    -1.092
 0.4993   -0.277    -0.282    -1.087    -1.088
 0.5136   -0.266    -0.271    -1.084    -1.085
 0.5280   -0.255    -0.261    -1.080    -1.082
 0.5424   -0.244    -0.250    -1.077    -1.079
 0.5569   -0.233    -0.239    -1.074    -1.076
 0.5714   -0.222    -0.228    -1.071    -1.072
 0.5860   -0.211    -0.217    -1.067    -1.069
 0.6005   -0.200    -0.206    -1.064    -1.066
 0.6151   -0.189    -0.195    -1.061    -1.063
 0.6297   -0.178    -0.184    -1.058    -1.059
 0.6442   -0.167    -0.173    -1.054    -1.056
 0.6588   -0.156    -0.162    -1.051    -1.053
 0.6733   -0.145    -0.151    -1.047    -1.049
 0.6878   -0.134    -0.140    -1.044    -1.046
 0.7022   -0.122    -0.128    -1.040    -1.042
 0.7165   -0.111    -0.117    -1.037    -1.039
 0.7308   -0.100    -0.106    -1.033    -1.035
 0.7450   -0.088    -0.094    -1.029    -1.031
 0.7591   -0.076    -0.082    -1.025    -1.027
 0.7730   -0.064    -0.070    -1.021    -1.024
 0.7868   -0.052    -0.058    -1.017    -1.020
 0.8005   -0.039    -0.046    -1.013    -1.015
 0.8140   -0.026    -0.033    -1.009    -1.011
 0.8273   -0.013    -0.020    -1.004    -1.007
 0.8404    0.000    -0.006    -1.000    -1.002
 0.8533    0.015     0.008    -0.995    -0.997
 0.8660    0.029     0.022    -0.990    -0.992
 0.8783    0.045     0.038    -0.984    -0.987
 0.8904    0.061     0.054    -0.979    -0.981
 0.9022    0.078     0.071    -0.973    -0.975
 0.9136    0.096     0.089    -0.966    -0.969
 0.9246    0.115     0.108    -0.959    -0.962
 0.9352    0.136     0.128    -0.951    -0.954
 0.9454    0.158     0.150    -0.943    -0.946
 0.9550    0.183     0.174    -0.933    -0.937
 0.9641    0.210     0.201    -0.923    -0.927
 0.9725    0.241     0.230    -0.911    -0.915
 0.9802    0.276     0.263    -0.896    -0.902
 0.9871    0.319     0.299    -0.878    -0.886
 0.9929    0.375     0.340    -0.853    -0.869
 0.9975    0.456     0.383    -0.815    -0.850
 1.0000    0.632     0.434    -0.721    -0.825


