96
97
98
99
100
101
102
103
104
105
106
107
108
109
110
111
112
113
114
115
116
117
118
119
120
121
122
123
124
125
126
127
128
129
130
131
132
133
134
135
136
137
138
139
140
141
142
143
144
145
146
147
148
149
150
151
152
153
154
155
156
157
193
194
195
196
197
198
199
200
201
202
203
204
205
206
207
208
209
210
211
212
213
214
215
216
217
218
219
220
221
222
223
224
225
226
227
228
229
230
231
232
233
234
235
236
237
238
239
240
241
242
243
244
245
246
247
248
249
250
251
252
253
254
255
256
257
258
259
260
261
262
263
264
265
266
267
268
269
270
271
272
273
274
275
276
277
428
607
608
609
610
611
612
613
614
615
616
617
618
619
620
621
622
623
624
625
626
627
628
629
630
631
632
633
634
635
636
637
638
639
640
641
642
643
644
645
646
647
648
649
650
651
652
653
654
655
656
657
658
659
660
661
662
663
664
665
666
667
668
669
670
671
672
673
674
675
676
677
678
679
680
681
682
683
684
685
686
687
688
689
690
691
692
693
694
695
696
697
698
699
700
701
702
703
704
705
706
707
708
709
710
711
712
773
774
775
776
777
778
779
780
781
782
783
784
785
786
787
788
789
790
791
792
793
794
795
796
797
798
799
800
801
802
803
804
805
806
807
808
809
810
811
812
813
814
815
816
817
818
819
820
821
822
823
824
825
826
827
828
829
830
831
832
833
834
835
836
837
838
839
840
841
842
843
844
845
846
847
848
849
850
851
852
853
854
855
856
857
858
859
860
861
862
863
864
865
866
867
868
869
870
871
872
873
874
875
876
877
878
879
880
881
882
883
884
885
886
887
888
889
890
891
892
893
894
1233
1235
1236
1237
1238
1239
1240
1241
1242
1243
1244
1245
1246
1247
1248
1249
1250
1251
1252
1253
1254
1255
1256
1257
1258
1259
1260
1261
1262
1263
1264
1265
1266
1267
1268
1269
1270
1271
1272
1273
1274
1275
1276
1277
1278
1279
1280
1281
1282
1283
1284
1285
1286
1287
1288
1289
1324
1325
1326
1327
1328
1329
1330
1331
1332
1333
1334
1335
1336
1337
1338
1339
1340
1341
1342
1343
1344
1345
1346
1347
1348
1349
1350
1351
1352
1353
1354
1355
1356
1357
1358
1359
1360
1361
1362
1363
1364
1365
1366
1367
1368
1369
1370
1371
1372
1373
1374
1375
1376
1377
1378
1379
1380
1381
1382
1383
1384
1385
1386
1387
1388
1389
1390
1391
1392
1393
1394
1395
1396
1397
1398
1399
1400
1401
1402
1404
1539
1607
1608
1609
1610
1611
1612
1613
1614
1615
1616
1617
1618
1619
1620
1621
1626
1627
1628
1629
1630
1631
1632
1633
1634
1635
1636
1637
1638
1639
1640
1641
1642
1643
1644
1645
1646
1647
1648
1649
1650
1651
1652
1653
1654
1655
1656
1657
1658
1659
1660
1661
1738
1792
1793
1794
1795
1796
1797
1798
1799
1800
1801
1811
1812
1813
1814
1815
1816
1817
1818
1819
1820
1821
1822
1823
1824
1846
2033
2038
2039
2040
2043
2044
2045
2046
2047
2048
2049
2050
2051
2052
2053
2054
2055
2056
2057
2058
2059
2060
2061
2062
2063
2064
2065
2066
2067
2068
2069
2070
2071
2072
2073
2074
2075
2076
2077
2078
2079
2080
2081
2082
2083
2084
2085
2086
2087
2088
2089
2090
2091
2092
2093
2094
2095
2096
2097
2098
2099
2100
2101
2102
2103
2104
2105
2106
2107
2108
2109
2110
2111
2112
2113
2114
2115
2116
2117
2118
2119
2120
2121
2122
2123
2124
2125
2126
2127
2128
2129
2130
2131
2132
2133
2134
2135
2136
2138
2139
2140
2141
2142
2145
2146
2212
2216
2217
2220
2221
2222
2223
2224
2225
2226
2227
2228
2229
2230
2231
2232
2233
2234
2235
2236
2237
2238
2239
2240
2241
2242
2243
2244
2245
2246
2247
2248
2249
2250
2251
2252
2253
2254
2255
2256
2257
2258
2259
2260
2261
2262
2263
2264
2265
2266
2267
2268
2269
2270
2271
2272
2273
2274
2275
2276
2277
2278
2279
2280
2281
2282
2283
2284
2285
2286
2287
2288
2289
2290
2291
2292
2293
2294
2295
2296
2297
2298
2299
2300
2301
2302
2303
2304
2305
2306
2307
2308
2309
2310
2311
2312
2313
2314
2315
2316
2317
2318
2319
2320
2321
2322
2323
2324
2325
2326
2327
2328
2329
2330
2331
2332
2333
2334
2335
2336
2337
2338
2339
2340
2341
2342
2343
2344
2345
2346
2347
2348
2349
2350
2351
2352
2353
2354
2355
2356
2357
2358
2359
2360
2361
2362
2363
2364
2365
2366
2367
2368
2370
2371
2374
2375
2379
2380
2586
2604
2645
2646
2647
2648
2649
2650
2651
2652
2653
2659
2660
2667
2677
2678
2679
2680
2691
2692
2695
2696
2714
2715
2729
2730
2732
2733
2750
2751
2756
2757
2763
2764
2765
2767
2769
2770
2772
2773
2774
2775
2776
2777
2778
2779
2780
2781
2782
2784
2785
2786
2787
2788
2789
2790
2791
2792
2793
2794
2795
2796
2797
2798
2799
2800
2801
2802
2803
2804
2805
2806
2807
2808
2809
2810
2811
2812
2813
2814
2815
2816
2817
2818
2819
2820
2821
2822
2823
2824
2825
2826
2827
2830
2862
2863
2869
2871
2872
2873
2877
2878
2879
2880
2881
2882
2883
2884
2885
2886
2887
2888
2889
2890
2891
2892
2893
2894
2895
2896
2897
2898
2899
2900
2901
2902
2903
2904
2905
2906
2907
2908
2909
2910
2911
2912
2913
2914
2915
2916
2917
2918
2919
2920
2921
2922
2923
2924
2925
2926
2927
2928
2929
2930
2931
2932
2933
2934
2935
2936
2937
2938
2939
2940
2941
2942
2945
2946
2947
2948
2951
2952
2953
2954
2955
2956
2974
3144
3190
3191
3192
3193
3194
3195
3196
3197
3198
3199
3200
3201
3202
3203
3276
3373
3374
3375
3381
3382
3383
3389
3390
3391
3393
3394
3395
3400
3401
3402
3403
3424
3425
3430
3431
3436
3437
3439
3440
3441
3442
3449
3450
3462
3463
3464
3465
3466
3467
3468
3469
3470
3471
3492
3493
3494
3495
3496
3497
3498
3499
3500
3501
3502
3503
3504
3505
3506
3507
3508
3509
3510
3511
3512
3513
3514
3518
3523
3529
3537
3541
3548
3549
3551
3552
3553
3554
3555
3556
3557
3558
3559
3561
3563
3564
3565
3566
3567
3568
3569
3570
3571
3572
3573
3574
3575
3577
3578
3579
3580
3581
3582
3583
3586
3628
3630
3635
3638
3647
3653
3660
3662
3665
3669
3673
3678
3686
3688
3691
3692
3700
3703
3704
3705
3706
3707
3708
3709
3713
3714
3719
3720
3721
3722
3723
3724
3727
3733
3734
3735
3736
3737
3738
3745
3746
3747
3749
3750
3751
3752
3753
3754
3759
3760
3762
3763
3764
3765
3766
3767
3785
3786
3787
3789
3811
3812
3813
3816
3817
3819
3820
3822
3823
3824
3825
3827
3828
3829
3830
3831
3832
3833
3834
3835
3836
3837
3839
3840
3841
3842
3844
3845
3846
3847
3848
3849
3850
3852
3853
3854
3855
3856
3858
3859
3860
3861
3866
3869
3870
3871
3872
3873
3874
3875
3876
3877
3878
3879
3880
3881
3882
3883
3884
3885
3886
3887
3888
3889
3890
3891
3892
3893
3894
3895
3896
3897
3898
3899
3901
3902
3903
3904
3905
3906
3907
3909
3911
3912
3913
3914
3915
3916
3917
3918
3924
3937
3938
4003
4004
4008
4009
4010
4014
4015
4016
4023
4024
4025
4033
4034
4035
4036
4037
4056
4114
4115
4116
4190
4191
4196
4199
4200
4201
4204
4205
4206
4208
4225
4240
4241
4242
4246
4247
4248
4249
4250
4251
4252
4253
4254
4255
4256
4257
4258
4268
4269
4270
4271
4272
4273
4274
4275
4276
4277
4281
4282
4294
4295
4298
4310
4313
4314
4326
4330
4331
4332
4337
4338
4339
4340
4358
4359
4371
4385
4386
4390
4394
4395
4406
4415
4416
4417
4418
4421
4422
4425
4426
4427
4428
4429
4430
4431
4432
4434
4435
4436
4437
4440
4441
4445
4446
4447
4448
4449
4450
4451
4452
4453
4454
4455
4456
4457
4458
4459
4460
4463
4464
4469
4470
4471
4472
4473
4474
4475
4476
4480
4481
4482
4483
4484
4486
4487
4488
4491
4492
4493
4494
4495
4498
4499
4500
4501
4502
4503
4504
4505
4511
4531
4532
4545
4569
4571
4575
4576
4577
4580
4581
4583
4584
4585
4586
4587
4588
4589
4590
4592
4593
4594
4595
4596
4597
4598
4599
4600
4601
4602
4605
4606
4607
4609
4610
4611
4612
4613
4614
4615
4617
4618
4619
4622
4625
4626
4627
4628
4629
4632
4636
4640
4641
4642
4643
4645
4646
4651
4652
4655
4656
4657
4658
4659
4662
4663
4668
4669
4670
4673
4674
4677
4678
4679
4684
4685
4686
4690
4691
4702
4703
4704
4764
4823
4852
4853
4854
4855
4858
4861
4863
4874
4875
4885
4886
4900
4901
4923
4924
4927
4928
4935
4936
4965
4966
4967
4983
4984
4985
4986
4987
4988
4989
4990
4991
4992
4993
4994
4995
4996
4997
4998
4999
5000
5004
5005
5018
5019
5020
5021
5022
5024
5025
5027
5028
5029
5030
5034
5035
5036
5049
5050
5051
5052
5053
5054
5056
5057
5083
5084
5085
5086
5087
5090
5091
5092
5093
5094
5095
5096
5097
5098
5099
5100
5101
5102
5103
5104
5105
5106
5107
5108
5109
5110
5111
5112
5113
5114
5115
5116
5117
5119
5120
5121
5122
5123
5129
5130
5136
5137
5138
5139
5140
5148
5149
5150
5156
5157
5159
5171
5172
5179
5180
5211
5246
5253
5254
5255
5256
5261
5270
5271
5283
5284
5292
5296
5297
5299
5323
5332
5333
5334
5335
5336
5337
5339
5340
5341
5346
5347
5353
5354
5358
5359
5360
5361
5362
5363
5364
5365
5366
5367
5371
5372
5373
5374
5379
5380
5381
5382
5384
5385
5386
5387
5388
5390
5409
5414
5416
5421
5425
5426
5429
5430
5436
5437
5438
5439
5440
5442
5443
5444
5445
5446
5447
5448
5455
5461
5462
5463
5465
5466
5468
5470
5473
5474
5475
5479
5481
5482
5483
5484
5487
5489
5490
5491
5492
5493
5495
5496
5497
5503
5504
5505
5506
5510
5522
5523
5540
5541
5542
5549
5551
5564
5565
5566
5591
5611
5616
5623
5624
5626
5641
5642
5643
5644
5645
5646
5656
5657
5658
5746
5747
5748
5749
5750
5751
5752
5755
5756
5782
5783
5784
5789
5790
5791
5792
5796
5797
5798
5799
5800
5808
5809
5810
5819
5820
5821
5822
5832
5833
5834
5838
5839
5842
5843
5850
5859
5860
5862
5869
5877
5878
5879
5884
5885
5892
5894
5895
5900
5902
5906
5916
5920
5924
5925
5926
5927
5928
5929
5944
5945
5948
5949
5950
5951
5952
5953
5954
5955
5956
5960
5962
5966
5971
5972
5974
5975
5976
5982
5987
5988
5994
5995
5996
5997
6001
6002
6003
6004
6006
6007
6008
6009
6010
6011
6012
6014
6015
6018
6020
6021
6022
6026
6027
6031
6034
6035
6036
6040
6041
6042
6043
6044
6057
6071
6072
6084
6094
6105
6106
6120
6121
6127
6128
6131
6132
6133
6134
6135
6136
6137
6138
6141
6143
6146
6147
6148
6151
6153
6154
6155
6156
6157
6158
6161
6162
6165
6166
6167
6168
6170
6171
6172
6174
6175
6176
6177
6178
6179
6183
6184
6185
6186
6196
6197
6201
6202
6203
6207
6208
6209
6212
6214
6215
6216
6220
6221
6222
6223
6224
6226
6227
6228
6232
6233
6234
6235
6236
6237
6238
6239
6244
6250
6251
6252
6264
6265
6266
6270
6275
6276
6296
6297
6303
6304
6305
6344
6345
6353
6354
6357
6358
6373
6374
6391
6401
6402
6403
6409
6410
6446
6453
6454
6461
6462
6471
6519
6520
6541
6542
6543
6550
6551
6552
6553
6554
6555
6571
6572
6578
6579
6580
6581
6584
6585
6587
6588
6591
6592
6605
6606
6610
6611
6612
6613
6624
6625
6630
6631
6635
6636
6639
6640
6641
6642
6643
6644
6645
6658
6659
6665
6674
6675
6676
6677
6685
6686
6687
6688
6689
6693
6694
6695
6696
6697
6698
6699
6700
6701
6702
6703
6704
6705
6706
6707
6708
6709
6710
6716
6717
6718
6719
6722
6723
6724
6725
6727
6728
6739
6740
6741
6742
6743
6744
6745
6755
6756
6757
6758
6761
6762
6763
6764
6765
6768
6769
6771
6775
6776
6777
6778
6779
6780
6787
6788
6789
6792
6793
6795
6796
6798
6799
6823
6832
6833
6834
6835
6838
6844
6845
6846
6864
6865
6866
6867
6868
6872
6873
6876
6877
6878
6881
6882
6883
6884
6885
6886
6890
6891
6892
6893
6894
6895
6896
6897
6906
6908
6909
6910
6911
6912
6913
6917
6918
6922
6923
6924
6928
6929
6930
6939
6940
6941
6942
6943
6944
6951
6954
6955
6956
6963
6965
6966
6969
6974
6975
6976
6986
6993
7000
7001
7002
7003
7005
7006
7007
7008
7009
7013
7015
7016
7017
7018
7024
7025
7034
7038
7039
7040
7041
7042
7044
7045
7046
7047
7051
7052
7053
7054
7055
7056
7057
7065
7066
7067
7069
7070
7071
7072
7073
7074
7075
7078
7079
7080
7081
7089
7090
7091
7092
7093
7094
7095
7096
7102
7103
7104
7116
7137
7138
7148
7175
7185
7186
7187
7196
7198
7199
7201
7202
7203
7207
7211
7217
7218
7219
7229
7230
7231
7236
7237
7243
7244
7245
7257
7258
7259
7260
7280
7281
7282
7283
7285
7286
7289
7290
7291
7299
7300
7301
7302
7303
7304
7305
7306
7307
7308
7309
7316
7324
7325
7333
7335
7340
7342
7343
7349
7350
7351
7354
7355
7372
7381
7382
7383
7386
7387
7388
7397
7399
7400
7408
7410
7411
7426
7427
7428
7429
7430
7431
7436
7437
7449
7456
7459
7460
7461
7462
7468
7469
7474
7475
7479
7480
7481
7482
7484
7485
7492
7493
7498
7499
7504
7505
7506
7507
7517
7518
7524
7526
7527
7528
7531
7532
7536
7537
7538
7542
7543
7550
7555
7561
7562
7564
7565
7588
7589
7590
7591
7597
7600
7601
7604
7612
7613
7617
7618
7619
7623
7627
7633
7634
7635
7636
7637
7638
7644
7649
7653
7654
7655
7657
7659
7660
7663
7664
7665
7666
7671
7672
7673
7676
7677
7685
7687
7690
7691
7693
7696
7700
7701
7709
7710
7711
7713
7716
7719
7720
7735
7736
7737
7738
7741
7742
7747
7751
7752
7753
7756
7759
7760
7761
7786
7789
7801
7802
7808
7812
7813
7814
7815
7816
7817
7819
7820
7860
7861
7862
7868
7874
7875
7878
7882
7883
7884
7891
7892
7904
7912
7913
7916
7917
7920
7921
7922
7923
7924
7932
7933
7934
7935
7948
7949
7950
7952
7969
7970
7971
7980
7985
7986
7987
7988
8000
8001
8002
8018
8019
8020
8021
8022
8026
8027
8029
8030
8031
8032
8061
8062
8063
8064
8065
8078
8079
8083
8099
8100
8101
8103
8108
8109
8110
8131
8132
8133
8134
8138
8139
8140
8141
8151
8152
8159
8160
8161
8162
8168
8169
8170
8171
8174
8192
8193
8196
8197
8204
8205
8214
8215
8216
8217
8220
8221
8226
8227
8249
8250
8251
8259
8260
8267
8268
8274
8275
8276
8277
8281
8282
8283
8284
8285
8293
8294
8295
8296
8297
8298
8299
8300
8301
8302
8305
8306
8309
8310
8312
8313
8314
8318
8319
8320
8324
8325
8326
8327
8333
8334
8335
8336
8337
8347
8348
8368
8369
8371
8372
8384
8387
8388
8389
8390
8392
8393
8398
8399
8400
8401
8405
8406
8408
8411
8412
8415
8424
8425
8426
8427
8428
8429
8430
8431
8432
8465
8466
8467
8468
8469
8470
8471
8472
8473
8475
8477
8478
8493
8494
8495
8496
8497
8504
8505
8506
8508
8514
8519
8520
8522
8524
8527
8528
8529
8530
8531
8532
8549
8550
8554
8555
8557
8558
8559
8563
8564
8567
8568
8569
8580
8581
8582
8583
8589
8590
8591
8592
8593
8595
8597
8603
8604
8605
8610
8611
8612
8613
8614
8615
8616
8618
8619
8620
8623
8625
8626
8627
8631
8638
8639
8640
8642
8643
8644
8651
8658
8664
8665
8669
8672
8673
8674
8677
8678
8679
8680
8681
8682
8699
8700
8701
8703
8704
8705
8714
8716
8717
8718
8727
8731
8732
8733
8742
8743
8744
8747
8750
8751
8756
8757
8758
8765
8767
8768
8782
8783
8792
8793
8797
8798
8804
8807
8808
8815
8819
8820
8821
8822
8823
8826
8832
8833
8837
8838
8845
8846
8847
8854
8858
8863
8864
8865
8873
8884
8885
8893
8921
8929
8930
8931
8932
8937
8938
8939
8946
8951
8952
8953
8954
8955
8956
8957
8958
8967
8977
8979
8988
8996
9000
9001
9006
9017
9018
9021
9024
9025
9026
9028
9029
9038
9040
9042
9054
9055
9059
9060
9061
9062
9064
9067
9068
9073
9074
9075
9076
9077
9079
9081
9092
9096
9097
9104
9110
9111
9112
9115
9116
9120
9122
9123
9124
9125
9131
9132
9140
9142
9143
9144
9145
9146
9152
9153
9160
9161
9164
9165
9171
9172
9173
9174
9185
9201
9202
9203
9205
9206
9207
9211
9212
9213
9214
9223
9224
9225
9226
9229
9234
9235
9246
9247
9248
9249
9252
9254
9255
9256
9264
9266
9269
9270
9271
9274
9277
9279
9280
9285
9286
9287
9288
9289
9290
9291
9297
9299
9300
9301
9302
9303
9304
9309
9310
9312
9313
9314
9315
9319
9322
9326
9327
9328
9329
9330
9333
9334
9335
9336
9337
9338
9339
9340
9348
9349
9350
9357
9358
9359
9363
9364
9365
9366
9374
9375
9376
9379
9380
9381
9385
9386
9387
9410
9418
9420
9421
9422
9428
9429
9430
9431
9432
9433
9434
9435
9457
9478
9479
9480
9481
9490
9503
9504
9505
9517
9518
9519
9520
9523
9524
9525
9533
9538
9550
9553
9554
9555
9575
9576
9583
9584
9587
9588
9600
9601
9605
9606
9614
9615
9616
9617
9618
9621
9622
9626
9627
9629
9630
9631
9635
9636
9639
9643
9649
9650
9651
9664
9665
9669
9676
9677
9678
9679
9690
9691
9692
9693
9696
9697
9704
9705
9710
9719
9720
9721
9723
9725
9731
9732
9733
9753
9754
9777
9778
9779
9780
9786
9787
9795
9796
9797
9798
9799
9800
9803
9804
9805
9806
9820
9821
9822
9827
9828
9844
9845
9856
9857
9866
9867
9876
9877
9881
9882
9883
9884
9885
9890
9891
9898
9917
9918
9919
9922
9934
9935
9936
9946
9947
9948
9954
9955
9956
9960
9961
9962
9963
9964
9965
9967
9968
9969
9970
9971
9977
9979
9980
9983
9984
9992
9993
9994
9995
9998
10016
10024
10025
10026
10027
10029
10030
10031
10032
10036
10039
10040
10041
10042
10049
10050
10051
10052
10053
10055
10056
10058
10065
10066
10073
10080
10081
10088
10089
10090
10091
10095
10096
10100
10103
10104
10105
10113
10115
10116
10117
10118
10119
10120
10121
10126
10127
10128
10129
10130
10131
10136
10139
10140
10141
10151
10152
10153
10157
10158
10159
10163
10164
10165
10166
10167
10168
10171
10172
10173
10178
10183
10184
10188
10193
10194
10196
10197
10199
10200
10201
10208
10209
10210
10211
10212
10213
10214
10215
10217
10218
10220
10224
10225
10234
10235
10239
10240
10241
10246
10247
10248
10249
10250
10257
10258
10261
10265
10266
10267
10268
10289
10294
10301
10308
10309
10310
10321
10322
10326
10327
10328
10329
10330
10338
10339
10340
10341
10342
10343
10344
10345
10346
10347
10355
10356
10361
10362
10363
10364
10366
10378
10382
10383
10389
10390
10392
10408
10414
10416
10417
10418
10420
10428
10429
10430
10431
10441
10442
10443
10451
10452
10453
10468
10470
10474
10475
10476
10477
10478
10487
10488
10495
10496
10497
10504
10505
10510
10518
10523
10524
10525
10530
10537
10550
10552
10557
10558
10563
10566
10569
10577
10584
10585
10586
10587
10588
10589
10593
10594
10599
10600
10601
10612
10613
10615
10616
10617
10618
10619
10625
10626
10628
10629
10632
10637
10638
10639
10640
10641
10642
10646
10647
10648
10649
10650
10652
10654
10655
10666
10667
10669
10675
10676
10679
10682
10686
10687
10692
10693
10694
10695
10696
10697
10698
10702
10714
10715
10719
10726
10727
10729
10730
10731
10732
10733
10734
10735
10736
10737
10740
10743
10744
10746
10747
10751
10756
10757
10772
10773
10774
10775
10781
10788
10789
10790
10793
10794
10795
10796
10797
10798
10806
10807
10819
10820
10823
10827
10843
10844
10850
10860
10863
10865
10866
10870
10871
10875
10878
10879
10880
10881
10885
10889
10891
10895
10896
10900
10905
10906
10907
10908
10909
10910
10911
10912
10914
10917
10919
10920
10925
10932
10933
10934
10935
10938
10940
10941
10942
10949
10951
10955
10957
10958
10959
10960
10972
10973
10979
10980
10985
10986
10987
10990
10993
10998
10999
11001
11004
11008
11021
11028
11029
11032
11078
11079
11089
11095
11102
11103
11104
11118
11122
11130
11132
11136
11137
11138
11139
11140
11141
11147
11154
11155
11159
11170
11171
11174
11175
11176
11177
11181
11182
11183
11184
11188
11191
11192
11200
11201
11202
11203
11217
11218
11231
11232
11233
11261
11262
11268
11269
11270
11273
11274
11278
11279
11280
11281
11284
11285
11286
11287
11290
11291
11292
11293
11298
11299
11300
11301
11314
11315
11330
11331
11332
11333
11341
11349
11350
11356
11357
11360
11361
11367
11378
11382
11383
11384
11389
11390
11391
11392
11398
11413
11416
11417
11418
11424
11425
11426
11427
11428
11429
11430
11431
11432
11433
11441
11442
11451
11457
11458
11459
11460
11461
11467
11468
11469
11472
11473
11484
11493
11496
11502
11503
11504
11507
11508
11519
11520
11524
11525
11526
11530
11531
11534
11535
11552
11553
11554
11555
11556
11557
11558
11561
11562
11569
11576
11578
11579
11588
11589
11590
11591
11592
11596
11597
11609
11610
11626
11627
11628
11633
11634
11639
11642
11643
11644
11645
11649
11650
11651
11656
11657
11670
11679
11688
11692
11693
11694
11695
11696
11699
11701
11702
11710
11716
11717
11719
11722
11724
11725
11726
11727
11728
11729
11733
11741
11742
11743
11748
11750
11754
11758
11759
11760
11761
11763
11766
11767
11785
11787
11791
11792
11798
11801
11802
11803
11804
11811
11812
11814
11816
11817
11824
11828
11829
11830
11833
11838
11839
11840
11842
11845
11846
11853
11854
11855
11856
11861
11862
11863
11864
11874
11877
11878
11884
11888
11889
11890
11904
11923
11924
11927
11934
11935
11936
11940
11944
11945
11946
11947
11955
11957
11965
11966
11983
11984
11985
11986
11989
11990
11991
12001
12002
12003
12011
12014
12015
12016
12021
12022
12023
12032
12033
12044
12050
12051
12055
12056
12057
12062
12063
12064
12066
12067
12068
12069
12070
12074
12078
12083
12084
12093
12094
12100
12103
12104
12110
12111
12130
12131
12132
12133
12136
12137
12138
12141
12145
12154
12155
12156
12157
12160
12161
12162
12163
12164
12165
12168
12173
12174
12180
12181
12182
12183
12184
12198
12207
12208
12213
12214
12215
12216
12218
12221
12226
12227
12231
12232
12233
12239
12240
12253
12254
12256
12279
12287
12288
12290
12291
12293
12295
12296
12297
12302
12303
12305
12306
12307
12310
12313
12314
12323
12328
12329
12330
12333
12334
12336
12337
12338
12339
12340
12342
12344
12345
12347
12348
12349
12350
12351
12353
12354
12359
12360
12361
12365
12369
12373
12374
12379
12380
12381
12384
12385
12388
12389
12390
12391
12394
12395
12398
12403
12404
12410
12411
12415
12416
12420
12421
12422
12429
12431
12432
12433
12438
12439
12440
12441
12442
12443
12444
12446
12447
12463
12464
12470
12471
12472
12474
12475
12476
12477
12485
12489
12498
12499
12509
12510
12511
12512
12513
12514
12518
12524
12525
12533
12535
12547
12566
12568
12569
12570
12578
12579
12580
12581
12582
12583
12589
12592
12599
12608
12611
12612
12622
12623
12624
12628
12629
12630
12658
12663
12665
12666
12667
12672
12673
12674
12675
12678
12679
12680
12681
12697
12698
12699
12708
12709
12710
12713
12714
12720
12723
12730
12732
12736
12737
12746
12747
12753
12756
12757
12769
12770
12771
12772
12780
12786
12795
12796
12809
12814
12817
12818
12819
12825
12826
12827
12833
12839
12840
12844
12853
12856
12857
12858
12859
12877
12878
12879
12880
12884
12885
12886
12887
12888
12889
12898
12901
12912
12913
12915
12916
12917
12920
12922
12923
12925
12926
12939
12940
12941
12942
12945
12955
12956
12963
12964
12967
12968
12972
12973
12978
12979
12980
12984
12985
12986
13002
13009
13012
13015
13017
13018
13019
13020
13032
13033
13034
13046
13047
13053
13054
13056
13057
13058
13059
13060
13061
13062
13063
13073
13074
13076
13086
13094
13095
13101
13103
13112
13113
13117
13118
13123
13124
13135
13136
13137
13149
13151
13153
13155
13161
13162
13163
13164
13166
13167
13168
13169
13170
13175
13181
13183
13207
13208
13209
13210
13211
13215
13219
13220
13225
13227
13228
13229
13235
13238
13241
13253
13254
13255
13260
13261
13262
13263
13264
13265
13266
13273
13274
13275
13280
13289
13290
13294
13295
13297
13298
13300
13302
13303
13304
13305
13309
13310
13311
13312
13313
13314
13319
13320
13328
13340
13348
13349
13363
13364
13367
13368
13376
13377
13380
13381
13382
13383
13390
13399
13400
13401
13402
13411
13421
13432
13433
13437
13438
13439
13440
13441
13442
13451
13459
13460
13461
13463
13464
13467
13475
13495
13497
13506
13507
13508
13509
13513
13514
13520
13521
13522
13523
13537
13538
13540
13543
13544
13545
13551
13553
13554
13555
13564
13565
13570
13571
13581
13584
13585
13587
13590
13597
13598
13600
13601
13605
13610
13611
13612
13617
13618
13620
13621
13623
13624
13625
13630
13631
13640
13647
13648
13654
13655
13656
13657
13665
13666
13667
13668
13671
13673
13677
13696
13697
13700
13701
13707
13708
13709
13715
13718
13719
13732
13734
13735
13736
13738
13744
13745
13746
13751
13755
13756
13757
13759
13770
13776
13777
13779
13780
13788
13789
13790
13796
13801
13802
13803
13804
13805
13808
13819
13820
13822
13823
13827
13828
13829
13832
13833
13834
13842
13843
13844
13848
13852
13854
13855
13861
13862
13865
13866
13868
13874
13879
13884
13885
13891
13899
13900
13906
13916
13917
13920
13926
13927
13936
13937
13938
13940
13941
13942
13951
13952
13958
13959
13964
13965
13971
13974
13978
13979
13980
13981
13982
13983
13984
13986
13988
13989
13990
13992
13993
13994
14005
14008
14009
14010
14018
14019
14024
14030
14031
14032
14033
14034
14036
14037
14038
14039
14048
14049
14050
14060
14061
14062
14065
14085
14090
14091
14093
14096
14100
14105
14106
14107
14119
14131
14132
14133
14134
14137
14139
14140
14141
14154
14161
14162
14176
14177
14180
14181
14195
14196
14204
14205
14206
14207
14212
14214
14215
14216
14221
14230
14231
14241
14242
14247
14248
14271
14272
14278
14279
14280
14297
14310
14311
14312
14313
14314
14315
14323
14324
14329
14335
14336
14337
14341
14342
14347
14348
14354
14374
14381
14387
14388
14392
14398
14404
14405
14416
14420
14421
14423
14424
14429
14430
14431
14432
14433
14436
14444
14445
14446
14449
14450
14452
14460
14461
14462
14463
14464
14467
14470
14472
14473
14481
14482
14483
14490
14495
14503
14513
14515
14518
14519
14520
14522
14523
14524
14530
14531
14533
14534
14535
14536
14539
14540
14544
14546
14547
14549
14550
14554
14558
14564
14569
14573
14583
14588
14589
14599
14607
14619
14622
14623
14628
14629
14641
14645
14646
14653
14661
14662
14663
14666
14668
14669
14675
14676
14677
14679
14682
14686
14692
14694
14695
14696
14701
14703
14708
14709
14710
14711
14717
14719
14722
14723
14725
14727
14730
14731
14735
14738
14739
14740
14741
14747
14754
14757
14762
14763
14772
14773
14774
14775
14780
14781
14783
14784
14785
14786
14787
14790
14795
14796
14797
14802
14804
14806
14814
14822
14826
14827
14828
14829
14830
14831
14832
14833
14837
14838
14839
14849
14852
14857
14858
14863
14869
14872
14873
14883
14899
14901
14902
14903
14905
14909
14910
14914
14921
14922
14923
14931
14932
14933
14942
14943
14944
14945
14948
14949
14951
14956
14957
14965
14966
14968
14973
14980
14986
14989
14992
14993
14997
15005
15006
15014
15016
15017
15018
15019
15020
15023
15028
15032
15033
15034
15039
15040
15041
15042
15043
15049
15057
15058
15061
15062
15063
15064
15072
15077
15080
15082
15085
15087
15091
15097
15102
15103
15104
15106
15111
15112
15113
15116
15123
15124
15125
15142
15154
15155
15157
15158
15160
15163
15165
15168
15169
15173
15178
15179
15186
15187
15188
15189
15194
15195
15196
15197
15198
15200
15209
15210
15211
15212
15227
15241
15242
15243
15246
15247
15252
15254
15260
15261
15269
15270
15288
15290
15295
15296
15297
15303
15304
15309
15310
15311
15314
15315
15316
15317
15318
15322
15323
15324
15336
15337
15338
15340
15341
15347
15352
15356
15359
15360
15361
15362
15363
15366
15367
15369
15370
15371
15372
15376
15377
15381
15382
15383
15389
15392
15394
15397
15401
15405
15406
15416
15417
15419
15420
15423
15429
15430
15438
15441
15448
15449
15450
15455
15456
15457
15458
15461
15472
15473
15478
15479
15482
15483
15484
15485
15486
15487
15492
15493
15508
15509
15518
15519
15524
15525
15551
15552
15553
15554
15557
15558
15561
15568
15569
15570
15582
15583
15594
15595
15596
15607
15608
15619
15623
15624
15646
15647
15657
15678
15679
15686
15688
15695
15696
15704
15705
15709
15715
15716
15717
15718
15725
15728
15729
15730
15733
15747
15748
15749
15750
15752
15753
15756
15762
15765
15767
15768
15773
15781
15783
15787
15788
15791
15792
15797
15798
15799
15800
15801
15802
15803
15804
15805
15806
15810
15813
15816
15835
15839
15840
15854
15855
15856
15860
15878
15892
15895
15905
15906
15909
15910
15916
15917
15932
15933
15937
15949
15950
15951
15953
15954
15964
15965
15993
15994
16003
16004
16005
16006
16009
16012
16022
16025
16026
16027
16031
16032
16033
16043
16049
16057
16063
16071
16077
16078
16079
16080
16082
16084
16089
16094
16095
16113
16114
16116
16117
16118
16127
16153
16168
16169
16170
16171
16172
16174
16175
16176
16183
16187
16188
16192
16194
16196
16197
16198
16213
16217
16218
16219
16220
16221
16223
16224
16225
16226
16227
16228
16240
16243
16247
16248
16249
16255
16256
16257
16260
16262
16265
16271
16280
16281
16282
16283
16284
16286
16287
16288
16294
16300
16301
16302
16303
16309
16310
16311
16316
16317
16320
16325
16326
16327
16328
16334
16335
16339
16346
16347
16353
16354
16358
16359
16361
16383
16386
16387
16391
16392
16395
16400
16402
16406
16412
16418
16420
16421
16429
16431
16436
16437
16439
16440
16456
16457
16461
16462
16463
16465
16485
16487
16499
16505
16509
16510
16511
16512
16515
16525
16531
16532
16533
16539
16542
16543
16544
16553
16554
16555
16556
16562
16563
16565
16566
16576
16577
16586
16587
16588
16617
16618
16626
16627
16631
16635
16639
16645
16646
16650
16652
16653
16654
16655
16662
16665
16666
16667
16668
16669
16670
16676
16677
16680
16687
16698
16699
16700
16701
16702
16710
16711
16713
16714
16715
16719
16730
16748
16750
16751
16762
16786
16794
16795
16804
16807
16816
16821
16822
16823
16847
16848
16849
16850
16854
16864
16876
16879
16881
16882
16883
16885
16886
16887
16888
16889
16890
16891
16893
16898
16900
16902
16907
16912
16914
16916
16917
16918
16921
16927
16928
16929
16935
16937
16940
16941
16944
16966
16976
16977
16978
16979
16980
16985
17004
17006
17015
17021
17022
17023
17024
17026
17032
17033
17042
17043
17051
17053
17056
17058
17066
17069
17070
17072
17078
17079
17084
17085
17086
17087
17088
17092
17096
17097
17098
17099
17100
17101
17102
17104
17105
17106
17109
17125
17138
17139
17140
17150
17151
17159
17173
17178
17183
17192
17193
17194
17210
17211
17214
17215
17219
17223
17224
17231
17232
17233
17260
17261
17262
17263
17265
17266
17269
17274
17275
17276
17277
17281
17282
17305
17306
17310
17311
17316
17320
17323
17324
17327
17328
17329
17330
17331
17333
17334
17335
17336
17340
17342
17344
17350
17351
17352
17353
17355
17363
17364
17365
17369
17371
17373
17374
17382
17385
17387
17396
17397
17398
17401
17402
17403
17417
17418
17419
17425
17426
17428
17433
17434
17438
17441
17444
17445
17446
17450
17451
17452
17455
17464
17469
17470
17471
17475
17476
17480
17488
17489
17491
17492
17514
17522
17533
17537
17544
17551
17552
17555
17556
17563
17573
17574
17575
17576
17577
17581
17582
17593
17596
17600
17603
17604
17615
17616
17625
17632
17634
17636
17637
17648
17660
17661
17665
17668
17669
17687
17688
17697
17698
17699
17710
17711
17712
17717
17722
17723
17729
17730
17731
17737
17738
17754
17756
17757
17758
17759
17764
17769
17770
17771
17772
17773
17776
17777
17785
17788
17790
17791
17792
17795
17796
17797
17803
17804
17806
17807
17808
17815
17818
17824
17832
17833
17836
17837
17838
17839
17841
17844
17852
17853
17862
17873
17875
17939
17958
17959
17962
17964
17965
17968
17971
17972
17980
17981
17982
17983
17991
17995
18001
18003
18004
18009
18016
18022
18023
18025
18033
18039
18042
18050
18051
18052
18061
18062
18069
18076
18077
18088
18089
18090
18091
18099
18101
18103
18104
18107
18108
18113
18119
18125
18126
18128
18135
18137
18138
18142
18143
18144
18149
18153
18162
18169
18173
18186
18189
18205
18206
18218
18219
18221
18227
18235
18240
18241
18247
18252
18253
18254
18258
18259
18269
18270
18271
18272
18277
18278
18279
18296
18297
18303
18304
18305
18310
18314
18315
18316
18322
18323
18324
18326
18327
18328
18338
18343
18344
18345
18348
18356
18357
18358
18364
18367
18372
18373
18374
18377
18379
18380
18385
18386
18393
18396
18397
18398
18401
18405
18406
18417
18419
18420
18421
18426
18430
18431
18432
18460
18461
18474
18475
18480
18487
18492
18498
18499
18500
18525
18536
18537
18538
18539
18543
18544
18551
18559
18560
18563
18564
18565
18567
18569
18578
18579
18580
18581
18582
18586
18587
18590
18592
18593
18600
18612
18615
18616
18617
18623
18631
18643
18644
18652
18658
18674
18675
18676
18677
18678
18684
18685
18716
18718
18719
18722
18723
18728
18732
18733
18741
18742
18743
18751
18761
18762
18766
18779
18780
18781
18785
18786
18793
18794
18795
18801
18819
18820
18830
18854
18855
18860
18861
18862
18881
18908
18911
18912
18936
18937
18943
18966
18972
18973
18979
18981
18982
18984
18992
18993
18994
18998
19011
19013
19029
19030
19031
19036
19039
19048
19050
19062
19077
19079
19085
19086
19100
19102
19103
19104
19105
19109
19111
19112
19113
19128
19129
19130
19131
19132
19136
19139
19140
19141
19180
19181
19182
19188
19191
19193
19194
19195
19197
19201
19208
19213
19214
19215
19219
19232
19236
19237
19245
19246
19247
19248
19251
19255
19257
19273
19275
19276
19277
19278
19279
19298
19323
19324
19325
19326
19337
19354
19362
19371
19372
19375
19376
19379
19380
19389
19391
19392
19395
19398
19399
19406
19413
19414
19426
19448
19451
19455
19456
19462
19466
19467
19471
19473
19487
19490
19491
19492
19500
19509
19510
19511
19520
19521
19527
19528
19534
19535
19536
19537
19550
19554
19558
19559
19570
19571
19576
19578
19579
19583
19585
19593
19594
19595
19600
19604
19605
19625
19626
19627
19629
19637
19642
19650
19651
19652
19661
19662
19664
19672
19673
19676
19677
19680
19693
19695
19703
19708
19726
19734
19735
19757
19771
19772
19773
19778
19782
19788
19789
19796
19797
19798
19799
19800
19801
19803
19804
19805
19811
19822
19823
19826
19827
19840
19841
19842
19846
19850
19860
19861
19864
19865
19870
19871
19877
19891
19901
19907
19909
19910
19911
19913
19917
19921
19925
19933
19939
19942
19955
19956
19964
19975
19981
19984
19985
19990
20004
20006
20019
20020
20030
20039
20040
20054
20055
20056
20061
20062
20063
20080
20081
20082
20083
20084
20091
20096
20100
20101
20102
20112
20132
20133
20138
20139
20140
20141
20144
20156
20166
20167
20168
20170
20171
20172
20177
20181
20182
20183
20192
20193
20196
20197
20198
20216
20217
20234
20238
20253
20263
20265
20274
20277
20280
20286
20317
20318
20319
20320
20338
20339
20340
20341
20364
20380
20387
20389
20390
20399
20400
20401
20406
20409
20411
20421
20429
20432
20433
20440
20445
20446
20447
20448
20451
20459
20469
20475
20478
20479
20480
20481
20482
20486
20505
20507
20508
20509
20510
20511
20517
20518
20524
20525
20526
20538
20542
20558
20568
20569
20570
20578
20583
20584
20585
20590
20599
20600
20601
20604
20606
20613
20614
20615
20618
20630
20635
20636
20637
20638
20647
20649
20652
20653
20661
20664
20665
20666
20678
20685
20688
20689
20695
20696
20697
20704
20705
20716
20717
20718
20719
20720
20721
20731
20732
20733
20739
20745
20753
20754
20755
20757
20758
20759
20761
20776
20778
20792
20793
20794
20795
20800
20819
20820
20833
20834
20841
20850
20871
20888
20889
20890
20893
20895
20896
20899
20902
20905
20906
20907
20926
20935
20936
20937
20943
20959
20960
20965
20971
20972
20975
20976
20980
20985
20988
20993
21001
21002
21005
21012
21015
21016
21017
21019
21026
21031
21032
21039
21040
21044
21047
21048
21049
21050
21051
21052
21069
21070
21071
21082
21084
21085
21088
21092
21099
21100
21101
21102
21103
21114
21116
21118
21125
21126
21142
21144
21147
21152
21153
21154
21155
21177
21196
21197
21198
21199
21202
21217
21219
21221
21230
21236
21243
21244
21245
21254
21256
21260
21265
21276
21278
21280
21281
21282
21283
21284
21300
21305
21312
21313
21316
21320
21321
21329
21342
21346
21351
21352
21368
21369
21370
21378
21382
21393
21399
21400
21403
21408
21409
21415
21416
21420
21421
21433
21438
21439
21440
21444
21445
21449
21450
21453
21454
21456
21468
21471
21472
21480
21481
21483
21498
21499
21500
21508
21509
21516
21517
21518
21521
21523
21526
21527
21538
21539
21544
21545
21546
21547
21557
21579
21581
21586
21596
21601
21615
21616
21619
21628
21629
21630
21648
21654
21661
21662
21665
21673
21679
21683
21696
21703
21710
21711
21714
21716
21722
21724
21728
21729
21730
21745
21746
21747
21749
21750
21754
21759
21769
21781
21785
21787
21788
21789
21790
21793
21794
21801
21802
21811
21816
21820
21821
21828
21830
21831
21836
21837
21838
21860
21861
21865
21872
21874
21880
21884
21888
21889
21893
21894
21895
21898
21901
21910
21915
21919
21920
21921
21927
21928
21929
21930
21939
21940
21946
21947
21948
21949
21964
21969
21971
21991
21995
21997
22035
22036
22040
22050
22051
22053
22057
22065
22070
22072
22081
22084
22093
22094
22097
22113
22114
22119
22120
22124
22127
22128
22129
22133
22137
22154
22158
22164
22176
22177
22178
22185
22191
22192
22198
22211
22222
22223
22224
22226
22228
22229
22239
22257
22258
22259
22260
22276
22282
22283
22284
22287
22296
22297
22299
22300
22305
22306
22307
22308
22310
22321
22324
22328
22329
22330
22339
22340
22362
22363
22366
22388
22400
22401
22403
22404
22405
22406
22434
22435
22446
22448
22467
22469
22473
22477
22478
22479
22483
22488
22493
22496
22508
22510
22518
22525
22526
22527
22534
22536
22539
22540
22541
22542
22552
22556
22573
22575
22576
22583
22586
22589
22602
22604
22606
22612
22621
22623
22625
22633
22634
22635
22639
22645
22646
22647
22648
22651
22655
22657
22659
22664
22667
22668
22670
22671
22675
22676
22677
22690
22691
22717
22718
22720
22725
22730
22735
22740
22752
22754
22756
22763
22782
22793
22795
22800
22815
22820
22821
22837
22838
22850
22852
22853
22871
22872
22875
22878
22879
22894
22895
22904
22905
22906
22911
22912
22913
22914
22921
22930
22938
22939
22941
22944
22945
22946
22960
22966
22969
22970
22973
22980
22981
22982
22983
23004
23005
23006
23007
23008
23009
23010
23011
23026
23027
23038
23039
23040
23044
23045
23050
23067
23074
23080
23093
23094
23104
23105
23112
23113
23121
23127
23128
23143
23144
23160
23161
23162
23180
23182
23185
23188
23189
23190
23194
23195
23200
23201
23202
23204
23205
23206
23207
23208
23209
23214
23216
23226
23228
23233
23243
23244
23255
23277
23280
23281
23282
23284
23285
23296
23300
23301
23302
23309
23310
23311
23312
23314
23323
23324
23335
23340
23342
23343
23360
23361
23362
23367
23370
23374
23381
23388
23389
23414
23422
23423
23427
23430
23431
23433
23434
23435
23436
23440
23441
23442
23445
23446
23447
23448
23453
23460
23461
23475
23481
23488
23491
23492
23507
23519
23520
23533
23536
23538
23539
23540
23549
23572
23582
23613
23618
23619
23620
23630
23631
23634
23635
23637
23644
23646
23650
23652
23653
23654
23655
23662
23663
23665
23689
23706
23707
23708
23713
23716
23728
23729
23730
23736
23739
23746
23747
23753
23772
23776
23777
23783
23784
23789
23792
23795
23800
23807
23808
23812
23815
23817
23818
23819
23820
23821
23827
23853
23854
23860
23861
23872
23873
23882
23883
23898
23903
23912
23918
23919
23924
23925
23926
23929
23930
23931
23960
23986
23994
24001
24020
24021
24024
24025
24026
24030
24037
24038
24039
24042
24050
24054
24062
24067
24068
24073
24079
24082
24094
24112
24121
24122
24124
24131
24132
24133
24135
24139
24140
24141
24142
24147
24163
24164
24168
24169
24173
24180
24181
24193
24194
24195
24203
24204
24215
24224
24225
24235
24241
24242
24245
24261
24262
24263
24283
24287
24290
24293
24305
24306
24307
24312
24313
24315
24324
24333
24334
24336
24337
24342
24347
24348
24357
24362
24370
24371
24374
24386
24391
24396
24397
24401
24408
24409
24410
24418
24419
24423
24429
24430
24438
24446
24456
24470
24471
24472
24473
24481
24487
24488
24490
24491
24506
24507
24521
24528
24529
24536
24542
24556
24557
24561
24570
24574
24605
24606
24611
24612
24613
24614
24615
24616
24617
24618
24634
24635
24656
24657
24658
24659
24664
24665
24672
24676
24677
24678
24679
24683
24692
24702
24703
24707
24708
24718
24720
24726
24733
24735
24741
24742
24743
24746
24752
24771
24772
24773
24775
24784
24801
24806
24807
24840
24841
24842
24844
24845
24869
24870
24871
24872
24879
24892
24893
24901
24903
24905
24933
24936
24937
24942
24949
24966
24967
24968
24969
24970
24971
24978
24989
25000
25001
25017
25021
25022
25023
25039
25043
25055
25057
25058
25059
25062
25063
25070
25071
25079
25087
25088
25089
25103
25107
25112
25119
25125
25126
25127
25128
25135
25142
25183
25184
25185
25186
25202
25205
25211
25212
25217
25227
25253
25276
25277
25279
25284
25288
25293
25294
25301
25302
25307
25311
25312
25313
25321
25326
25327
25328
25338
25340
25352
25367
25371
25380
25384
25385
25387
25388
25392
25402
25405
25409
25410
25411
25426
25428
25435
25436
25444
25452
25453
25454
25455
25456
25457
25458
25468
25481
25484
25495
25499
25521
25525
25526
25530
25539
25547
25552
25555
25560
25568
25570
25579
25587
25592
25593
25595
25596
25597
25598
25599
25600
25601
25609
25610
25626
25635
25636
25647
25652
25653
25657
25658
25661
25662
25680
25691
25694
25698
25708
25747
25748
25749
25752
25764
25765
25766
25767
25779
25783
25791
25802
25814
25815
25816
25830
25834
25835
25836
25860
25861
25862
25869
25881
25882
25883
25889
25903
25906
25910
25923
25930
25931
25932
25933
25938
25940
25946
25950
25951
25952
25977
25996
26002
26003
26011
26012
26013
26014
26015
26016
26021
26038
26045
26051
26052
26053
26058
26059
26060
26062
26105
26107
26108
26132
26139
26140
26146
26153
26164
26171
26186
26187
26190
26191
26192
26193
26200
26206
26220
26228
26244
26245
26261
26265
26270
26277
26288
26289
26299
26302
26306
26307
26312
26313
26334
26363
26370
26374
26379
26385
26397
26404
26432
26447
26448
26449
26452
26482
26483
26489
26503
26509
26511
26512
26520
26523
26524
26527
26528
26530
26536
26537
26540
26556
26558
26563
26566
26567
26572
26573
26574
26582
26588
26592
26611
26620
26621
26658
26660
26665
26670
26686
26687
26694
26715
26720
26721
26722
26743
26744
26745
26750
26751
26760
26771
26778
26784
26797
26803
26808
26809
26819
26820
26822
26839
26842
26843
26849
26854
26855
26857
26868
26900
26901
26904
26913
26925
26933
26934
26935
26938
26947
26971
26996
26997
26998
27012
27013
27018
27042
27062
27063
27068
27069
27077
27078
27082
27086
27089
27092
27095
27101
27118
27124
27126
27130
27151
27152
27156
27158
27166
27173
27183
27187
27191
27192
27195
27240
27241
27242
27246
27247
27248
27249
27264
27269
27270
27271
27288
27291
27299
27300
27308
27309
27310
27333
27344
27345
27360
27361
27364
27376
27377
27378
27383
27384
27385
27392
27395
27415
27416
27419
27425
27432
27453
27471
27485
27488
27494
27495
27496
27520
27551
27553
27560
27561
27562
27571
27577
27646
27648
27662
27663
27691
27705
27710
27715
27716
27717
27718
27742
27757
27770
27771
27780
27791
27794
27801
27805
27823
27831
27833
27839
27840
27842
27843
27844
27845
27846
27862
27868
27869
27870
27882
27883
27894
27895
27911
27913
27932
27933
27934
27977
27981
27995
27996
28017
28018
28020
28021
28030
28042
28043
28061
28073
28074
28092
28113
28114
28125
28130
28131
28137
28153
28160
28161
28174
28175
28176
28184
28185
28186
28192
28206
28207
28218
28219
28220
28223
28224
28238
28268
28282
28293
28303
28341
28345
28349
28350
28382
28391
28392
28393
28408
28409
28418
28419
28427
28459
28468
28486
28502
28506
28511
28519
28520
28542
28553
28563
28577
28588
28592
28610
28618
28619
28620
28629
28637
28644
28657
28661
28663
28677
28678
28692
28696
28705
28708
28709
28710
28714
28719
28720
28730
28731
28746
28747
28781
28806
28808
28810
28823
28825
28832
28862
28872
28873
28874
28875
28876
28885
28886
28910
28934
28935
28936
28946
28947
28948
28949
28950
28951
28967
28968
28993
29002
29029
29033
29034
29035
29036
29040
29059
29086
29107
29108
29112
29157
29158
29205
29206
29207
29208
29209
29210
29212
29215
29221
29225
29231
29232
29249
29250
29255
29279
29282
29297
29303
29304
29311
29312
29323
29324
29331
29353
29354
29362
29380
29388
29413
29443
29449
29450
29461
29492
29495
29496
29503
29504
29545
29547
29550
29551
29559
29560
29564
29573
29586
29617
29635
29646
29664
29670
29671
29689
29690
29704
29747
29748
29767
29768
29794
29795
29796
29802
29804
29807
29808
29809
29823
29842
29848
29850
29852
29864
29865
29866
29877
29889
29919
29932
29933
29939
29948
29956
29958
29959
29960
29979
29980
29981
29989
30002
30003
30004
30010
30011
30014
30015
30016
30028
30029
30031
30043
30044
30053
30066
30078
30091
30092
30095
30111
30141
30157
30167
30168
30230
30236
30253
30256
30283
30284
30321
30329
30341
30347
30369
30385
30390
30393
30394
30414
30437
30442
30443
30444
30459
30460
30461
30467
30468
30469
30500
30527
30529
30538
30546
30547
30548
30549
30553
30554
30569
30571
30587
30607
30621
30622
30635
30636
30643
30660
30674
30675
30710
30715
30720
30727
30728
30755
30825
30830
30852
30853
30869
30879
30880
30881
30888
30889
30892
30893
30914
30920
30942
30950
30954
30955
30956
30972
30973
31024
31040
31041
31044
31098
31100
31101
31116
31117
31128
31129
31136
31152
31153
31156
31158
31159
31218
31251
31252
31254
31255
31278
31279
31280
31302
31303
31304
31312
31313
31315
31316
31317
31318
31341
31358
31359
31360
31373
31423
31424
31459
31460
31461
31478
31507
31511
31518
31542
31544
31554
31555
31564
31580
31597
31598
31600
31601
31626
31627
31646
31714
31719
31720
31733
31743
31744
31745
31798
31812
31871
31878
31879
31889
31896
31931
31932
31948
31950
31997
32002
32013
32017
32018
32021
32036
32037
32052
32053
32054
32060
32081
32082
32091
32103
32104
32107
32110
32111
32113
32114
32133
32134
32135
32138
32148
32162
32201
32264
32291
32309
32310
32329
32330
32331
32356
32359
32387
32388
32389
32403
32404
32405
32470
32499
32505
32515
32530
32549
32550
32618
32620
32628
32629
32668
32720
32721
32723
32724
32725
32753
32759
32802
32829
32832
32833
32834
32938
32948
32949
32950
32952
32988
33172
33204
33205
33214
33262
33318
33319
33320
33375
33625
33638
33675
33679
33801
33840
33867
33989
33990
33991
34066
34158
34278
34424
34425
34426
34455
34507
34509
34666
34717
34718
34720
34737
35127
35131
35165
35186
35212
35306
35372
35424
35425
35481
35533
35659
35770
35771
35828
35935
35937
36004
36065
36157
36167
36246
36342
36345
36346
36347
36570
36692
36882
36898
36907
36911
37014
37029
37143
37146
37155
37156
37185
37418
37472
37473
37578
37580
37635
37694
37872
37873
37959
38038
38100
38170
38234
38316
38317
38318
38327
38532
38583
38649
38718
38737
38824
38843
38897
38927
38934
38935
39145
39270
39289
39293
39294
39424
39435
39490
39526
39556
39563
39564
39627
39633
39668
39746
39782
39828
39829
39863
39883
39906
39963
39967
39976
40043
40044
40123
40124
40132
40188
40209
40232
40248
40292
40293
40302
40310
40348
40363
40388
40390
40426
40427
40438
