0.499153 0.0441274 0.0 -0.18345448957266985
0.999999 2e-07 0.0 0.43419189725881163
0.999008 0.000126618 0.0 0.4010552141910573
0.998016 0.000252735 0.0 0.3611692110291265
0.997024 0.000378936 0.0 0.33519936836602277
0.99603 0.000505201 0.0 0.31624372590087935
0.995034 0.000631249 0.0 0.3012416974773044
0.994038 0.000757379 0.0 0.2888073249743919
0.993041 0.000883392 0.0 0.27801802052694613
0.992042 0.00100939 0.0 0.26853051470613515
0.991043 0.00113527 0.0 0.2600683360251378
0.990042 0.00126113 0.0 0.2523503771824517
0.989041 0.00138697 0.0 0.24525493726306313
0.988039 0.0015127 0.0 0.23873317331753655
0.987035 0.0016384 0.0 0.23271234105209956
0.986031 0.00176399 0.0 0.22701353493486015
0.985026 0.00188957 0.0 0.22163981509719516
0.984019 0.00201512 0.0 0.21661670564304455
0.983011 0.00214055 0.0 0.21184466085869622
0.982003 0.00226597 0.0 0.20725232289838977
0.980993 0.00239137 0.0 0.20287151958334115
0.979983 0.00251666 0.0 0.19867680971092253
0.978971 0.00264191 0.0 0.19472603340416328
0.977958 0.00276706 0.0 0.19093280517413255
0.976945 0.00289219 0.0 0.1871969844666815
0.97593 0.00301729 0.0 0.18361138354986342
0.974914 0.00314229 0.0 0.1802010833451473
0.973897 0.00326725 0.0 0.1768378014521134
0.97288 0.00339222 0.0 0.17356436765120364
0.97186 0.00351705 0.0 0.17048955138070174
0.970841 0.00364178 0.0 0.16744243417917887
0.96982 0.00376657 0.0 0.16446813215391676
0.968797 0.00389125 0.0 0.16163041339622058
0.967775 0.00401583 0.0 0.15878159835861302
0.966751 0.00414047 0.0 0.1560258919109353
0.965725 0.00426489 0.0 0.15345357206027463
0.964699 0.0043894 0.0 0.15086897984984543
0.963672 0.00451379 0.0 0.1483464578626233
0.962643 0.00463806 0.0 0.14592738410090272
0.961614 0.00476242 0.0 0.14347592020927033
0.960584 0.00488655 0.0 0.14108615717698875
0.959552 0.00501077 0.0 0.13878401997848208
0.95852 0.00513487 0.0 0.13644061278636366
0.957487 0.00525896 0.0 0.13414293795047147
0.956452 0.00538293 0.0 0.13198075801377077
0.955416 0.00550686 0.0 0.12986669891570676
0.95438 0.00563069 0.0 0.1277315882001242
0.953342 0.00575451 0.0 0.12567496321093732
0.952303 0.00587829 0.0 0.12363986857665524
0.951264 0.00600197 0.0 0.12160354257692747
0.950223 0.00612561 0.0 0.1196797454985459
0.94918 0.00624924 0.0 0.11777497076240058
0.948138 0.00637277 0.0 0.11578117488014526
0.947094 0.00649626 0.0 0.11385732528311857
0.946048 0.00661964 0.0 0.11205868000394865
0.945002 0.006743 0.0 0.11022300649751209
0.943955 0.00686624 0.0 0.10843376934509992
0.942906 0.00698946 0.0 0.10669169836940612
0.941857 0.00711267 0.0 0.1049193720531743
0.940807 0.00723575 0.0 0.1032418535068445
0.939754 0.00735881 0.0 0.10160606055234676
0.938702 0.00748186 0.0 0.09984442173427686
0.937649 0.0076048 0.0 0.09814872271299845
0.936593 0.0077276 0.0 0.09663866305629046
0.935537 0.00785048 0.0 0.09500634383752946
0.934481 0.00797327 0.0 0.09329709484405412
0.933423 0.00809591 0.0 0.09176038199364772
0.932363 0.00821855 0.0 0.0902862319107883
0.931303 0.00834116 0.0 0.08867626500946817
0.930243 0.00846367 0.0 0.08708630796754031
0.929179 0.00858613 0.0 0.0856747942412991
0.928116 0.0087085 0.0 0.0842101051372137
0.927052 0.00883084 0.0 0.08270003036446483
0.925986 0.00895307 0.0 0.08128151122822927
0.924919 0.00907536 0.0 0.07984846080422693
0.923852 0.00919745 0.0 0.07837390933192641
0.922783 0.00931961 0.0 0.0769611785514113
0.921713 0.00944156 0.0 0.07559566199198979
0.920642 0.00956359 0.0 0.0741867163575432
0.91957 0.00968549 0.0 0.07281072113155189
0.918496 0.00980738 0.0 0.07150305286611021
0.917422 0.00992915 0.0 0.07015393060217996
0.916347 0.0100509 0.0 0.06878352042371819
0.915271 0.0101725 0.0 0.06743588385025022
0.914193 0.0102942 0.0 0.06616669462120467
0.913114 0.0104156 0.0 0.06493986899740577
0.912035 0.0105371 0.0 0.06364896698339945
0.910953 0.0106586 0.0 0.06235663033611735
0.909872 0.0107799 0.0 0.061082094526898424
0.908789 0.0109012 0.0 0.05980740840454737
0.907705 0.0110224 0.0 0.05860748139109486
0.906619 0.0111436 0.0 0.05739703651131855
0.905533 0.0112648 0.0 0.05608863038370525
0.904446 0.0113858 0.0 0.05490454457903112
0.903356 0.0115067 0.0 0.05385341680624367
0.902267 0.0116276 0.0 0.052682810991632585
0.901176 0.0117485 0.0 0.0514081929950103
0.900085 0.0118693 0.0 0.05018420834266443
0.898991 0.01199 0.0 0.04909692742890428
0.897897 0.0121106 0.0 0.04802202146935954
0.896802 0.0122312 0.0 0.04683469779452772
0.895706 0.0123518 0.0 0.04561520201678353
0.894608 0.0124723 0.0 0.04449698983281965
0.89351 0.0125926 0.0 0.04341871992713779
0.89241 0.012713 0.0 0.04229069387155935
0.891309 0.0128333 0.0 0.04121635868416896
0.890207 0.0129534 0.0 0.040191518541268845
0.889104 0.0130736 0.0 0.03904062944893475
0.888 0.0131938 0.0 0.037902022563226036
0.886894 0.0133137 0.0 0.03690376106495524
0.885788 0.0134337 0.0 0.03580679831270776
0.884681 0.0135536 0.0 0.034691590879217006
0.883572 0.0136733 0.0 0.03370650407770324
0.882462 0.0137931 0.0 0.03268000434465657
0.881351 0.0139128 0.0 0.03160661692436371
0.880239 0.0140324 0.0 0.030580236038782523
0.879126 0.0141519 0.0 0.029607629403412095
0.878011 0.0142714 0.0 0.02863518352370174
0.876896 0.0143908 0.0 0.027587668290061946
0.87578 0.0145102 0.0 0.026502908848408294
0.874662 0.0146295 0.0 0.02550487245946275
0.873543 0.0147487 0.0 0.024525730934670434
0.872423 0.0148679 0.0 0.023531692719775937
0.871302 0.0149869 0.0 0.022561105557318537
0.87018 0.0151059 0.0 0.021576245377013085
0.869056 0.0152249 0.0 0.02062683099618666
0.867931 0.0153437 0.0 0.01971221069086618
0.866806 0.0154625 0.0 0.018713367863068136
0.865679 0.0155813 0.0 0.017718989732252662
0.864551 0.0156999 0.0 0.016808105365798666
0.863422 0.0158185 0.0 0.01584729564179224
0.862292 0.0159371 0.0 0.014828650058358634
0.861161 0.0160555 0.0 0.013926099193951477
0.860027 0.0161739 0.0 0.013049249940550192
0.858894 0.0162923 0.0 0.012060188431633012
0.857759 0.0164105 0.0 0.011099325330505358
0.856623 0.0165287 0.0 0.010258128906709789
0.855485 0.0166467 0.0 0.009429488426576805
0.854347 0.0167648 0.0 0.008506037486087506
0.853208 0.0168827 0.0 0.0075405080249144295
0.852068 0.0170006 0.0 0.006610384663716666
0.850926 0.0171184 0.0 0.005736010649760842
0.849782 0.0172362 0.0 0.004923204830752613
0.848638 0.0173538 0.0 0.004047496416715298
0.847493 0.0174715 0.0 0.0030683317898176727
0.846347 0.017589 0.0 0.002144212151070177
0.845199 0.0177064 0.0 0.0013497780463017728
0.84405 0.0178237 0.0 0.0005339237486122266
0.8429 0.0179411 0.0 -0.0003797702304990291
0.841749 0.0180583 0.0 -0.0012668158632027707
0.840597 0.0181754 0.0 -0.0020811842077855286
0.839443 0.0182925 0.0 -0.002954672325955296
0.838289 0.0184096 0.0 -0.00389750948992313
0.837133 0.0185265 0.0 -0.0047521781747554385
0.835976 0.0186433 0.0 -0.005518750640883992
0.834817 0.0187601 0.0 -0.0063201984548838085
0.833658 0.0188768 0.0 -0.007174717537361568
0.832498 0.0189934 0.0 -0.008033477597714027
0.831337 0.0191099 0.0 -0.008915379392144818
0.830174 0.0192265 0.0 -0.009794536294587724
0.829009 0.0193429 0.0 -0.01057044352377886
0.827844 0.0194591 0.0 -0.011331084475789614
0.826678 0.0195754 0.0 -0.012164063770724664
0.82551 0.0196915 0.0 -0.013004876405726298
0.824342 0.0198077 0.0 -0.013886577150134619
0.823171 0.0199237 0.0 -0.014641989512618702
0.822 0.0200395 0.0 -0.015358571760794701
0.820828 0.0201554 0.0 -0.016187641014721185
0.819655 0.0202711 0.0 -0.017040884915490686
0.81848 0.0203869 0.0 -0.017896211006924012
0.817304 0.0205025 0.0 -0.018676307240718233
0.816127 0.0206179 0.0 -0.01942545028608154
0.814949 0.0207334 0.0 -0.020220334707695835
0.813769 0.0208487 0.0 -0.021008844289299555
0.812589 0.020964 0.0 -0.02180718586844146
0.811406 0.0210792 0.0 -0.022556942015625553
0.810223 0.0211943 0.0 -0.023291302684788635
0.809039 0.0213093 0.0 -0.02409773192747824
0.807854 0.0214243 0.0 -0.024938359096778714
0.806667 0.0215392 0.0 -0.025744244944258976
0.805479 0.021654 0.0 -0.026478661641107435
0.80429 0.0217686 0.0 -0.027219233240088042
0.8031 0.0218833 0.0 -0.028019528935111084
0.801908 0.0219978 0.0 -0.028778566389418617
0.800716 0.0221122 0.0 -0.02955526175076238
0.799522 0.0222266 0.0 -0.030315223417769526
0.798326 0.0223408 0.0 -0.030995663586732648
0.79713 0.022455 0.0 -0.03176912156505746
0.795933 0.0225691 0.0 -0.0325921885275916
0.794734 0.0226831 0.0 -0.03334445443157683
0.793534 0.022797 0.0 -0.03409865162190852
0.792333 0.0229108 0.0 -0.03483586798213245
0.79113 0.0230245 0.0 -0.035502076537205655
0.789926 0.0231381 0.0 -0.036205157888407884
0.788722 0.0232517 0.0 -0.037016345420231404
0.787516 0.0233652 0.0 -0.0378490843475063
0.786309 0.0234786 0.0 -0.03860863481345824
0.7851 0.0235918 0.0 -0.03928081968008135
0.78389 0.023705 0.0 -0.039979935152004396
0.782679 0.0238181 0.0 -0.04073589352876675
0.781467 0.0239311 0.0 -0.041461384927108436
0.780253 0.024044 0.0 -0.04216352895370295
0.779039 0.0241568 0.0 -0.04293181649204417
0.777823 0.0242696 0.0 -0.043689692326051924
0.776605 0.0243822 0.0 -0.04434850957408027
0.775387 0.0244947 0.0 -0.04507730701915189
0.774168 0.0246072 0.0 -0.045879836593673735
0.772947 0.0247195 0.0 -0.04660010369213024
0.771725 0.0248317 0.0 -0.04726997921700466
0.770502 0.0249438 0.0 -0.04796890643342684
0.769277 0.0250559 0.0 -0.048701048137445246
0.768051 0.0251679 0.0 -0.04943078641366399
0.766824 0.0252797 0.0 -0.05016453839087795
0.765596 0.0253915 0.0 -0.0508470442239801
0.764366 0.025503 0.0 -0.05151085039152923
0.763136 0.0256147 0.0 -0.052307279112448105
0.761904 0.0257261 0.0 -0.053041194304840306
0.76067 0.0258374 0.0 -0.05363865656440028
0.759435 0.0259486 0.0 -0.05429052085765604
0.758199 0.0260598 0.0 -0.05504238140832476
0.756963 0.0261708 0.0 -0.055773938167715205
0.755724 0.0262817 0.0 -0.05646668877109027
0.754485 0.0263926 0.0 -0.057209454795730634
0.753244 0.0265033 0.0 -0.05791620398365004
0.752002 0.0266139 0.0 -0.058595060030777205
0.750759 0.0267244 0.0 -0.059331438966761664
0.749515 0.0268348 0.0 -0.060033725506076406
0.748268 0.0269451 0.0 -0.06067270155412095
0.747021 0.0270553 0.0 -0.06136739734797957
0.745773 0.0271654 0.0 -0.06208547244973535
0.744523 0.0272753 0.0 -0.0627389365123248
0.743272 0.0273852 0.0 -0.06340978363422349
0.74202 0.0274949 0.0 -0.06412647929462874
0.740767 0.0276046 0.0 -0.0648544762057727
0.739513 0.027714 0.0 -0.06556341293191217
0.738257 0.0278235 0.0 -0.06628747722510571
0.736999 0.0279328 0.0 -0.06694446248645
0.73574 0.0280419 0.0 -0.0675102459938201
0.73448 0.0281509 0.0 -0.0681769704422945
0.733219 0.02826 0.0 -0.06893160363581116
0.731957 0.0283687 0.0 -0.0696006882950884
0.730694 0.0284774 0.0 -0.07029836182170371
0.729429 0.0285861 0.0 -0.07103870030792098
0.728163 0.0286945 0.0 -0.07168964745841244
0.726895 0.0288029 0.0 -0.07235796562606259
0.725627 0.0289111 0.0 -0.07308422682700919
0.724357 0.0290192 0.0 -0.07374902091319334
0.723084 0.0291272 0.0 -0.07433376962664189
0.721812 0.029235 0.0 -0.07498351176159251
0.720538 0.0293428 0.0 -0.07570629677777972
0.719263 0.0294504 0.0 -0.07641929768533275
0.717987 0.0295579 0.0 -0.07709196413232017
0.716709 0.0296652 0.0 -0.07774623687667644
0.71543 0.0297725 0.0 -0.07841605616507615
0.714149 0.0298796 0.0 -0.07908352474971074
0.712868 0.0299866 0.0 -0.07978751640529912
0.711585 0.0300935 0.0 -0.08050690974859662
0.710301 0.0302002 0.0 -0.08115469233233592
0.709015 0.0303067 0.0 -0.08174996991604211
0.707728 0.0304132 0.0 -0.08239931260729674
0.70644 0.0305195 0.0 -0.08314285363710028
0.705151 0.0306258 0.0 -0.08383293519022449
0.70386 0.0307317 0.0 -0.08443847739531314
0.702568 0.0308377 0.0 -0.08509962444023471
0.701274 0.0309435 0.0 -0.08579425358966719
0.699979 0.0310492 0.0 -0.0864724511971434
0.698683 0.0311547 0.0 -0.08714127006805152
0.697386 0.03126 0.0 -0.08780443483121107
0.696087 0.0313653 0.0 -0.08847818466344516
0.694787 0.0314703 0.0 -0.08909606698395155
0.693486 0.0315752 0.0 -0.0897404048181387
0.692183 0.0316801 0.0 -0.09046919086202383
0.690879 0.0317848 0.0 -0.09114583311777306
0.689574 0.0318892 0.0 -0.09177703434363707
0.688268 0.0319936 0.0 -0.09245396344083369
0.68696 0.0320978 0.0 -0.0931423128765691
0.685651 0.0322019 0.0 -0.09381363384576488
0.68434 0.0323058 0.0 -0.09443067963039424
0.683028 0.0324095 0.0 -0.09505675648170757
0.681715 0.0325132 0.0 -0.0957669179426823
0.6804 0.0326167 0.0 -0.09647385970609085
0.679085 0.03272 0.0 -0.09710680575315445
0.677767 0.0328231 0.0 -0.09773194944826982
0.676449 0.0329262 0.0 -0.09844198859491657
0.675129 0.033029 0.0 -0.09910202717842435
0.673808 0.0331316 0.0 -0.09970635266211056
0.672485 0.0332342 0.0 -0.1003852972862031
0.671161 0.0333366 0.0 -0.10108614308041579
0.669836 0.0334388 0.0 -0.1017419129664882
0.668509 0.0335408 0.0 -0.10236736370635088
0.667181 0.0336427 0.0 -0.10301131026758834
0.665852 0.0337444 0.0 -0.10370683273039488
0.664522 0.033846 0.0 -0.10441094621876237
0.66319 0.0339473 0.0 -0.10503283071132906
0.661856 0.0340485 0.0 -0.1056393509833015
0.660521 0.0341496 0.0 -0.1063089378509789
0.659185 0.0342504 0.0 -0.10696804823510911
0.657848 0.0343511 0.0 -0.10761622650265162
0.656509 0.0344516 0.0 -0.10824829640566501
0.655169 0.034552 0.0 -0.1089595273577786
0.653829 0.0346522 0.0 -0.10968287519509103
0.652486 0.0347521 0.0 -0.11034173424054199
0.651142 0.034852 0.0 -0.11101511989031054
0.649796 0.0349516 0.0 -0.11163958239272363
0.648449 0.035051 0.0 -0.11225118800385486
0.647101 0.0351503 0.0 -0.11293665605998149
0.645751 0.0352494 0.0 -0.11362586544845421
0.6444 0.0353483 0.0 -0.11427006711810857
0.643048 0.0354469 0.0 -0.11491016673770543
0.641694 0.0355455 0.0 -0.11559549968807085
0.640339 0.0356438 0.0 -0.11625142152772164
0.638982 0.0357419 0.0 -0.11687274099734761
0.637624 0.0358399 0.0 -0.11753623315694005
0.636265 0.0359376 0.0 -0.11817485439604539
0.634904 0.0360352 0.0 -0.11884469579243173
0.633543 0.0361326 0.0 -0.11955524475560797
0.63218 0.0362297 0.0 -0.12021732961931222
0.630815 0.0363267 0.0 -0.12089161142719271
0.629449 0.0364235 0.0 -0.12158231569098547
0.628081 0.03652 0.0 -0.12219556918459464
0.626712 0.0366163 0.0 -0.12280289979353852
0.625342 0.0367124 0.0 -0.12345548299270233
0.62397 0.0368084 0.0 -0.12417871133812514
0.622597 0.0369042 0.0 -0.12489692579210852
0.621223 0.0369996 0.0 -0.12553486327161786
0.619847 0.0370949 0.0 -0.1261920859343738
0.61847 0.03719 0.0 -0.12686860586568974
0.617091 0.0372848 0.0 -0.12748477264002697
0.615711 0.0373794 0.0 -0.12811658335040402
0.614329 0.0374739 0.0 -0.12880075987923545
0.612946 0.0375681 0.0 -0.12951229702154884
0.611563 0.0376621 0.0 -0.13022841882260988
0.610177 0.0377558 0.0 -0.13087577667806055
0.60879 0.0378493 0.0 -0.13150169452459207
0.607401 0.0379426 0.0 -0.13216074849293075
0.606011 0.0380357 0.0 -0.1328493011163639
0.60462 0.0381285 0.0 -0.13350178808130858
0.603228 0.0382211 0.0 -0.1341477051885438
0.601834 0.0383135 0.0 -0.13483013642775657
0.600438 0.0384055 0.0 -0.13545832943340813
0.599041 0.0384975 0.0 -0.13614131385760866
0.597643 0.0385891 0.0 -0.1368340098537929
0.596243 0.0386805 0.0 -0.1374685592188468
0.594842 0.0387716 0.0 -0.13816233321104532
0.59344 0.0388626 0.0 -0.1388992394444482
0.592035 0.0389532 0.0 -0.13952000807069725
0.59063 0.0390436 0.0 -0.14013415184161573
0.589223 0.0391337 0.0 -0.1408190944767634
0.587815 0.0392237 0.0 -0.1415451037700029
0.586405 0.0393133 0.0 -0.14223469554258353
0.584994 0.0394027 0.0 -0.1428749530185796
0.583581 0.0394917 0.0 -0.14351551849778002
0.582168 0.0395806 0.0 -0.14423163224858587
0.580752 0.0396692 0.0 -0.14493433706334258
0.579335 0.0397575 0.0 -0.14558072372193584
0.577917 0.0398455 0.0 -0.1462711449627284
0.576498 0.0399333 0.0 -0.14700363397541574
0.575076 0.0400208 0.0 -0.14765627521152747
0.573653 0.0401079 0.0 -0.14822879701740482
0.572229 0.0401948 0.0 -0.1488758022832242
0.570804 0.0402815 0.0 -0.1496258205996541
0.569377 0.0403679 0.0 -0.15032248591075498
0.567948 0.0404539 0.0 -0.15093239161072405
0.566518 0.0405397 0.0 -0.1516109432595509
0.565088 0.0406252 0.0 -0.15235375447159188
0.563655 0.0407104 0.0 -0.15302504168285586
0.56222 0.0407953 0.0 -0.15366526929295285
0.560785 0.0408799 0.0 -0.15435003434266686
0.559348 0.0409642 0.0 -0.15503840816232795
0.557909 0.0410482 0.0 -0.15572212091996343
0.55647 0.0411319 0.0 -0.15642765847511414
0.555028 0.0412153 0.0 -0.15712260443742052
0.553585 0.0412984 0.0 -0.15779895751978393
0.552141 0.0413811 0.0 -0.15849816032352226
0.550695 0.0414636 0.0 -0.15915979796422325
0.549247 0.0415456 0.0 -0.15980443477123918
0.547799 0.0416275 0.0 -0.1605386174605369
0.546348 0.041709 0.0 -0.16124256327160946
0.544896 0.0417901 0.0 -0.16189372550162123
0.543444 0.0418709 0.0 -0.16261080587747714
0.541989 0.0419514 0.0 -0.16328482002121458
0.540532 0.0420315 0.0 -0.16394260365849178
0.539075 0.0421114 0.0 -0.1646403304220729
0.537616 0.0421908 0.0 -0.1653647092027127
0.536156 0.04227 0.0 -0.16607754457218754
0.534693 0.0423487 0.0 -0.1667085908770586
0.533229 0.0424271 0.0 -0.1673848364535421
0.531765 0.0425053 0.0 -0.16817526928706736
0.530298 0.042583 0.0 -0.16884492195641101
0.52883 0.0426603 0.0 -0.1694794859340449
0.527361 0.0427373 0.0 -0.17014362033188565
0.52589 0.0428139 0.0 -0.1708070137405403
0.524417 0.0428902 0.0 -0.17148266195387
0.522943 0.0429661 0.0 -0.1721822883233545
0.521468 0.0430416 0.0 -0.17290666896959203
0.519991 0.0431168 0.0 -0.17364128139650237
0.518513 0.0431915 0.0 -0.1743264479174204
0.517032 0.0432659 0.0 -0.17501219677185909
0.515551 0.0433399 0.0 -0.17573016209419062
0.514068 0.0434135 0.0 -0.1764543199662701
0.512584 0.0434867 0.0 -0.17717050391799805
0.511098 0.0435595 0.0 -0.17787589648465962
0.509611 0.0436319 0.0 -0.17856061543139026
0.508121 0.0437039 0.0 -0.1792336953977544
0.506631 0.0437755 0.0 -0.17993822269571594
0.505139 0.0438467 0.0 -0.18063248676596289
0.503646 0.0439174 0.0 -0.1813193880669017
0.50215 0.0439878 0.0 -0.18202766550670094
0.500653 0.0440578 0.0 -0.18275980709821943
0.000151305 -0.0174522 0.0 0.9450200039654443
0.00016386 -0.0164525 0.0 0.975508530552344
0.000241472 -0.0154555 0.0 0.9927449075507631
0.000383191 -0.0144641 0.0 0.9969120908708733
0.000586089 -0.0134824 0.0 0.9890327013431468
0.000849222 -0.0125137 0.0 0.9703086841128954
0.00116764 -0.011561 0.0 0.9423175418392455
0.0015394 -0.0106267 0.0 0.9072723290130185
0.00196051 -0.00971265 0.0 0.8665143403330762
0.002428 -0.00881996 0.0 0.8220602885476982
0.00293788 -0.00794933 0.0 0.7758417826409105
0.00348516 -0.00710105 0.0 0.7287214533190023
0.00406783 -0.00627515 0.0 0.6815658592740655
0.0046819 -0.00547121 0.0 0.6353601599240272
0.00532534 -0.00468886 0.0 0.5898614321321128
0.00599416 -0.00392747 0.0 0.5459012662896082
0.00668732 -0.00318616 0.0 0.5044872726581212
0.00740184 -0.00246438 0.0 0.46524395609183505
0.00813667 -0.00176115 0.0 0.42838510648428724
0.00888883 -0.00107582 0.0 0.3936657215764499
0.00965828 -0.000407591 0.0 0.3602776753447174
0.010443 0.000244404 0.0 0.328758107664958
0.011241 0.000880828 0.0 0.2989992833439671
0.0120523 0.00150238 0.0 0.27091839660242145
0.0128748 0.00210973 0.0 0.24500368224957475
0.0137096 0.00270359 0.0 0.22036702562084964
0.0145536 0.00328451 0.0 0.19732118061603043
0.0154078 0.0038531 0.0 0.17561009398747832
0.0162712 0.00440975 0.0 0.15514499640033141
0.0171418 0.00495523 0.0 0.1357769321391897
0.0180216 0.00548977 0.0 0.11779334254310937
0.0189086 0.00601393 0.0 0.10053628679455688
0.0198018 0.00652819 0.0 0.08421766729711704
0.0207031 0.0070329 0.0 0.06856903861226192
0.0216096 0.0075283 0.0 0.05410111858073013
0.0225222 0.008015 0.0 0.04000381795710551
0.02344 0.00849309 0.0 0.02714077268004327
0.024364 0.00896309 0.0 0.014910400839306198
0.0252921 0.00942515 0.0 0.0029623845647763713
0.0262263 0.00987963 0.0 -0.008247938276226762
0.0271646 0.0103267 0.0 -0.018930810647625924
0.0281071 0.0107667 0.0 -0.02944457991979069
0.0290547 0.0111999 0.0 -0.03925248492167615
0.0300064 0.0116264 0.0 -0.04859565331792707
0.0309612 0.0120465 0.0 -0.05755286531840657
0.0319201 0.0124604 0.0 -0.06617547087112785
0.0328831 0.0128683 0.0 -0.0743571717550402
0.0338493 0.0132703 0.0 -0.08197496194820487
0.0348195 0.0136666 0.0 -0.08947594183077912
0.0357928 0.0140574 0.0 -0.09692376672954639
0.0367692 0.0144429 0.0 -0.10382848657053022
0.0377487 0.0148232 0.0 -0.11022038841979256
0.0387313 0.0151984 0.0 -0.11642095058372391
0.039718 0.0155687 0.0 -0.12237076044703854
0.0407058 0.0159342 0.0 -0.12827864344186488
0.0416977 0.0162949 0.0 -0.13407904792065836
0.0426916 0.0166512 0.0 -0.1397139616711022
0.0436886 0.017003 0.0 -0.14509443459904073
0.0446887 0.0173505 0.0 -0.1499454467539617
0.0456909 0.0176937 0.0 -0.15478847708877738
0.0466951 0.0180329 0.0 -0.15963562663981826
0.0477024 0.0183679 0.0 -0.16392134909414408
0.0487128 0.0186991 0.0 -0.16802836918261027
0.0497242 0.0190264 0.0 -0.17254843873586434
0.0507387 0.0193499 0.0 -0.17656661967729043
0.0517553 0.0196697 0.0 -0.18048135355738545
0.0527739 0.0199859 0.0 -0.18432052518809475
0.0537956 0.0202986 0.0 -0.18792863678434563
0.0548184 0.0206078 0.0 -0.19141983660898976
0.0558442 0.0209136 0.0 -0.19500803670264746
0.0568711 0.0212161 0.0 -0.19829394011514412
0.057901 0.0215152 0.0 -0.20159078632359578
0.058932 0.0218112 0.0 -0.2046493550743472
0.0599661 0.0221041 0.0 -0.20772863593884625
0.0610012 0.0223939 0.0 -0.2107124224290429
0.0620393 0.0226806 0.0 -0.21367098810700888
0.0630785 0.0229644 0.0 -0.2163683433881003
0.0641198 0.0232453 0.0 -0.21931497797657634
0.0651631 0.0235232 0.0 -0.2217427012456635
0.0662084 0.0237984 0.0 -0.2243628950147635
0.0672548 0.0240707 0.0 -0.22681531879223618
0.0683043 0.0243404 0.0 -0.2290933111055685
0.0693548 0.0246074 0.0 -0.2314252845495054
0.0704064 0.0248717 0.0 -0.23376845639391414
0.0714609 0.0251334 0.0 -0.2358490679715352
0.0725166 0.0253926 0.0 -0.2379903862380723
0.0735743 0.0256493 0.0 -0.23995068758709395
0.074634 0.0259034 0.0 -0.24181874109471416
0.0756948 0.0261551 0.0 -0.24373455026081461
0.0767576 0.0264044 0.0 -0.24583001566251805
0.0778214 0.0266513 0.0 -0.24767013752864242
0.0788883 0.0268959 0.0 -0.24946885190926574
0.0799553 0.0271382 0.0 -0.2513579623983882
0.0810252 0.0273782 0.0 -0.2529374647495673
0.0820962 0.0276159 0.0 -0.2545440283296658
0.0831683 0.0278514 0.0 -0.25622605437069784
0.0842424 0.0280848 0.0 -0.25770047731686263
0.0853185 0.0283159 0.0 -0.25916215540514226
0.0863957 0.0285451 0.0 -0.2606418465341772
0.0874749 0.0287719 0.0 -0.26204802031863617
0.0885551 0.0289968 0.0 -0.26342141108021205
0.0896374 0.0292196 0.0 -0.2647893642852494
0.0907207 0.0294405 0.0 -0.26616622259879497
0.0918061 0.0296593 0.0 -0.2675441510169504
0.0928924 0.0298762 0.0 -0.2688091349526718
0.0939809 0.030091 0.0 -0.26993289900800754
0.0950703 0.0303039 0.0 -0.2710276394192283
0.0961618 0.0305149 0.0 -0.27215465086036655
0.0972543 0.0307241 0.0 -0.2732844582382316
0.0983489 0.0309313 0.0 -0.27429072527441667
0.0994444 0.0311367 0.0 -0.27536959207711
0.100541 0.0313404 0.0 -0.2765366712486307
0.10164 0.0315421 0.0 -0.2774242826322921
0.102739 0.0317421 0.0 -0.27845895769186213
0.103841 0.0319404 0.0 -0.2794786335806382
0.104944 0.0321368 0.0 -0.2801963213403005
0.106049 0.0323315 0.0 -0.28101612559100436
0.107154 0.0325246 0.0 -0.28209628585553864
0.108261 0.0327159 0.0 -0.28295289463905987
0.10937 0.0329055 0.0 -0.28370372612122485
0.11048 0.0330935 0.0 -0.28450817693460756
0.111592 0.0332798 0.0 -0.28524840840976534
0.112705 0.0334646 0.0 -0.28591133824421405
0.113819 0.0336475 0.0 -0.2866273183043114
0.114935 0.0338291 0.0 -0.28737024285068263
0.116052 0.034009 0.0 -0.2880879059494628
0.117171 0.0341872 0.0 -0.2886635896507757
0.118291 0.034364 0.0 -0.2893091834731073
0.119412 0.0345392 0.0 -0.2899553314766765
0.120534 0.0347128 0.0 -0.29061823654518565
0.121658 0.034885 0.0 -0.2912286588718088
0.122785 0.0350556 0.0 -0.2915424498337826
0.123911 0.0352247 0.0 -0.29209601261621626
0.125039 0.0353924 0.0 -0.2928138961489413
0.126168 0.0355586 0.0 -0.29344084786944213
0.1273 0.0357233 0.0 -0.29383531139174923
0.128432 0.0358866 0.0 -0.29427009859890035
0.129566 0.0360484 0.0 -0.2946715143402381
0.130701 0.0362089 0.0 -0.29511329829748595
0.131837 0.0363678 0.0 -0.2955032777415048
0.132975 0.0365254 0.0 -0.29588902628694214
0.134114 0.0366816 0.0 -0.296335286707195
0.135254 0.0368364 0.0 -0.2967661072301474
0.136396 0.03699 0.0 -0.2971989061052557
0.137539 0.0371421 0.0 -0.29751555016478437
0.138684 0.0372928 0.0 -0.29774794531898424
0.13983 0.0374422 0.0 -0.29811548088311524
0.140977 0.0375903 0.0 -0.2985649652854487
0.142126 0.0377371 0.0 -0.29871960623098975
0.143275 0.0378825 0.0 -0.29894336576955277
0.144426 0.0380266 0.0 -0.29938679380901373
0.145579 0.0381695 0.0 -0.2997593392177197
0.146732 0.0383111 0.0 -0.29980747570458527
0.147888 0.0384513 0.0 -0.29988229603868716
0.149045 0.0385904 0.0 -0.300058910400432
0.150203 0.0387281 0.0 -0.30031635782439625
0.151361 0.0388646 0.0 -0.3005640538181167
0.152522 0.0389998 0.0 -0.30077524829576646
0.153683 0.0391339 0.0 -0.3008826866793583
0.154847 0.0392666 0.0 -0.30100400968297336
0.156011 0.0393983 0.0 -0.3012033834359009
0.157177 0.0395286 0.0 -0.3013499989706804
0.158344 0.0396577 0.0 -0.30140013106436975
0.159512 0.0397857 0.0 -0.3015890197197326
0.160682 0.0399125 0.0 -0.30171728536525827
0.161853 0.0400381 0.0 -0.3018305020188328
0.163025 0.0401625 0.0 -0.30191714439134065
0.164199 0.0402857 0.0 -0.3019321255951132
0.165374 0.0404078 0.0 -0.30202442013137676
0.16655 0.0405288 0.0 -0.30214480833900836
0.167727 0.0406485 0.0 -0.3021660724784796
0.168906 0.0407671 0.0 -0.30213051494547727
0.170086 0.0408846 0.0 -0.30221107412218784
0.171267 0.041001 0.0 -0.3023059906516989
0.17245 0.0411162 0.0 -0.302296947178413
0.173634 0.0412303 0.0 -0.30220564692540586
0.17482 0.0413433 0.0 -0.3021700256675066
0.176006 0.0414553 0.0 -0.3022794180182059
0.177194 0.0415661 0.0 -0.3022790681859633
0.178383 0.0416758 0.0 -0.30215856477570163
0.179574 0.0417844 0.0 -0.30210849290821273
0.180765 0.041892 0.0 -0.3021164386621895
0.181958 0.0419984 0.0 -0.3020532092304124
0.183153 0.0421038 0.0 -0.3019687900146206
0.184348 0.0422081 0.0 -0.3018800276486996
0.185546 0.0423114 0.0 -0.30184239908505495
0.186744 0.0424136 0.0 -0.3017392332066253
0.187943 0.0425147 0.0 -0.3016473265955912
0.189144 0.0426148 0.0 -0.30153923566753327
0.190346 0.0427139 0.0 -0.3014165558785784
0.19155 0.0428119 0.0 -0.30132552450175043
0.192754 0.042909 0.0 -0.30130156313750106
0.193961 0.0430049 0.0 -0.3010655497539917
0.195168 0.0430998 0.0 -0.3008411968309777
0.196377 0.0431938 0.0 -0.30078770753258693
0.197586 0.0432868 0.0 -0.3006849713008793
0.198798 0.0433786 0.0 -0.300414884794132
0.200011 0.0434696 0.0 -0.30022374786750733
0.201224 0.0435595 0.0 -0.30015251155954803
0.202439 0.0436484 0.0 -0.29998395376077025
0.203655 0.0437363 0.0 -0.2997762232611701
0.204873 0.0438233 0.0 -0.29962077897037026
0.206092 0.0439093 0.0 -0.29942338449067357
0.207312 0.0439942 0.0 -0.2991614409486691
0.208534 0.0440782 0.0 -0.2988899907773482
0.209757 0.0441613 0.0 -0.29873395177159845
0.210981 0.0442435 0.0 -0.2985887214338461
0.212206 0.0443246 0.0 -0.29839019664838057
0.213433 0.0444047 0.0 -0.298050476455271
0.214661 0.0444839 0.0 -0.29775844424286374
0.215891 0.0445622 0.0 -0.29756264010907796
0.217121 0.0446396 0.0 -0.2973693177057593
0.218353 0.0447159 0.0 -0.2971199911041125
0.219586 0.0447914 0.0 -0.29690005102060724
0.22082 0.0448659 0.0 -0.2966538533756299
0.222056 0.0449395 0.0 -0.29638172451900646
0.223293 0.0450122 0.0 -0.29608896636277204
0.224532 0.0450839 0.0 -0.2957730914338974
0.225772 0.0451548 0.0 -0.29547323535105324
0.227013 0.0452246 0.0 -0.295132269979748
0.228255 0.0452936 0.0 -0.2948458707665608
0.229498 0.0453617 0.0 -0.2946504037255108
0.230743 0.045429 0.0 -0.29441264895243524
0.231989 0.0454952 0.0 -0.29403797000581416
0.233237 0.0455606 0.0 -0.2936389389702114
0.234485 0.0456251 0.0 -0.2933359764780338
0.235735 0.0456887 0.0 -0.29299362682740876
0.236987 0.0457514 0.0 -0.2926560215283428
0.238239 0.0458132 0.0 -0.29233014763021514
0.239494 0.0458741 0.0 -0.2920143256897695
0.240749 0.0459343 0.0 -0.2917442863295702
0.242005 0.0459934 0.0 -0.2913945294263843
0.243263 0.0460518 0.0 -0.29100747743022654
0.244522 0.0461091 0.0 -0.29057644411954214
0.245782 0.0461657 0.0 -0.29021046482692664
0.247045 0.0462215 0.0 -0.2898805375114143
0.248307 0.0462763 0.0 -0.28952664593872984
0.249571 0.0463303 0.0 -0.2891921208323317
0.250837 0.0463835 0.0 -0.2888717890782176
0.252104 0.0464358 0.0 -0.28848751019845303
0.253372 0.0464872 0.0 -0.2880502735118494
0.254642 0.0465378 0.0 -0.2876362983317642
0.255913 0.0465876 0.0 -0.28726269934497384
0.257185 0.0466365 0.0 -0.2868796868449049
0.258458 0.0466845 0.0 -0.2864758571663456
0.259733 0.0467318 0.0 -0.2860745918173782
0.261009 0.0467782 0.0 -0.28567600820365374
0.262286 0.0468238 0.0 -0.2852946961064609
0.263565 0.0468686 0.0 -0.28486432549336865
0.264845 0.0469124 0.0 -0.28441043117966747
0.266127 0.0469556 0.0 -0.2840250934406657
0.267409 0.0469979 0.0 -0.2836261984685978
0.268693 0.0470393 0.0 -0.2831719350841377
0.269978 0.04708 0.0 -0.28273069821926505
0.271265 0.0471198 0.0 -0.2823011624130822
0.272552 0.0471589 0.0 -0.28189142233279374
0.273842 0.0471971 0.0 -0.2814527892661743
0.275132 0.0472345 0.0 -0.2810108805324396
0.276424 0.0472712 0.0 -0.2806305455287766
0.277717 0.047307 0.0 -0.28011893447136466
0.279011 0.0473419 0.0 -0.2795936012181394
0.280308 0.0473763 0.0 -0.2791511170248612
0.281604 0.0474096 0.0 -0.2786417544419686
0.282903 0.0474423 0.0 -0.278171588696406
0.284202 0.0474742 0.0 -0.2778087961858604
0.285503 0.0475053 0.0 -0.2773809141743275
0.286806 0.0475355 0.0 -0.27691151352473553
0.288109 0.0475651 0.0 -0.27641052501727204
0.289414 0.0475937 0.0 -0.2758781635825026
0.290721 0.0476217 0.0 -0.27541036529186763
0.292028 0.0476489 0.0 -0.2749672879919255
0.293337 0.0476753 0.0 -0.2744859636705859
0.294647 0.0477009 0.0 -0.27393752349253137
0.295959 0.0477258 0.0 -0.27342474693596824
0.297272 0.0477499 0.0 -0.27287613613355266
0.298585 0.0477732 0.0 -0.27240572883179914
0.299901 0.0477958 0.0 -0.2719558955741425
0.301218 0.0478176 0.0 -0.27144300393967086
0.302537 0.0478386 0.0 -0.2708869260923232
0.303856 0.0478589 0.0 -0.2703967431972205
0.305177 0.0478785 0.0 -0.2699326574819468
0.306499 0.0478973 0.0 -0.26941961642767975
0.307822 0.0479153 0.0 -0.2689259286372461
0.309147 0.0479326 0.0 -0.2683852006924077
0.310474 0.0479491 0.0 -0.2678586681488963
0.311801 0.047965 0.0 -0.2673395077794637
0.31313 0.04798 0.0 -0.26677903230731753
0.31446 0.0479943 0.0 -0.26623501467310906
0.315792 0.048008 0.0 -0.26578406580487624
0.317125 0.0480208 0.0 -0.26528287675977313
0.318459 0.0480329 0.0 -0.26476006222166587
0.319795 0.0480443 0.0 -0.2642110812968899
0.321131 0.0480549 0.0 -0.26363351648685496
0.32247 0.0480648 0.0 -0.26304402476668765
0.323809 0.048074 0.0 -0.26250327143028146
0.32515 0.0480825 0.0 -0.26196377121417463
0.326492 0.0480902 0.0 -0.26139158701754966
0.327836 0.0480973 0.0 -0.2608662870876384
0.329181 0.0481035 0.0 -0.2603350452463884
0.330527 0.0481091 0.0 -0.259759993643019
0.331875 0.0481139 0.0 -0.25919908317263535
0.333224 0.0481182 0.0 -0.25865951710900353
0.334574 0.0481216 0.0 -0.25808245036414235
0.335926 0.0481244 0.0 -0.2575072644462398
0.337279 0.0481264 0.0 -0.25693468077348686
0.338633 0.0481276 0.0 -0.25635817472311645
0.33999 0.0481283 0.0 -0.25583653133208584
0.341347 0.0481282 0.0 -0.2553104289632538
0.342705 0.0481274 0.0 -0.25469203913641997
0.344064 0.0481258 0.0 -0.2540507123892293
0.345425 0.0481236 0.0 -0.2534431252013314
0.346789 0.0481207 0.0 -0.2528597010569006
0.348152 0.0481171 0.0 -0.25227101245779193
0.349517 0.0481128 0.0 -0.2517085147346894
0.350885 0.0481078 0.0 -0.2511490846750458
0.352252 0.0481021 0.0 -0.25061250940023677
0.353621 0.0480958 0.0 -0.25009176485595436
0.354993 0.0480887 0.0 -0.24948040747844635
0.356364 0.0480809 0.0 -0.2488229140251564
0.357737 0.0480725 0.0 -0.24825008058314788
0.359113 0.0480634 0.0 -0.24763457080160517
0.360489 0.0480535 0.0 -0.2469883979103012
0.361866 0.0480431 0.0 -0.24639724960631262
0.363245 0.0480319 0.0 -0.24582751761184235
0.364625 0.0480201 0.0 -0.24524486750560542
0.366008 0.0480075 0.0 -0.24465771641849324
0.36739 0.0479944 0.0 -0.24408482727034714
0.368774 0.0479805 0.0 -0.24345542849261306
0.37016 0.0479659 0.0 -0.24278079213509077
0.371547 0.0479507 0.0 -0.242140161904561
0.372936 0.0479348 0.0 -0.24152790477619052
0.374326 0.0479183 0.0 -0.24094204279143236
0.375717 0.0479011 0.0 -0.24033147288806345
0.37711 0.0478832 0.0 -0.23968408582915032
0.378504 0.0478646 0.0 -0.23912077160255016
0.3799 0.0478455 0.0 -0.23859013436950602
0.381296 0.0478255 0.0 -0.23787917071426234
0.382695 0.047805 0.0 -0.2372198664203766
0.384094 0.0477839 0.0 -0.236670678413058
0.385496 0.047762 0.0 -0.2360236917599241
0.386897 0.0477395 0.0 -0.23535599005812577
0.388302 0.0477163 0.0 -0.23470365810997385
0.389707 0.0476925 0.0 -0.23407171983959366
0.391113 0.047668 0.0 -0.23341133426421648
0.392521 0.0476429 0.0 -0.23276995959847438
0.393931 0.0476171 0.0 -0.23212101532472756
0.395341 0.0475907 0.0 -0.23151337602624775
0.396754 0.0475637 0.0 -0.23092465723233813
0.398168 0.0475359 0.0 -0.2303064573144437
0.399582 0.0475076 0.0 -0.22964874667840976
0.400999 0.0474785 0.0 -0.22900302984367027
0.402417 0.047449 0.0 -0.22838945173068304
0.403836 0.0474186 0.0 -0.2277049278271099
0.405256 0.0473877 0.0 -0.2269989314168163
0.406678 0.0473561 0.0 -0.22635538462834573
0.408102 0.047324 0.0 -0.22572851348204226
0.409527 0.0472911 0.0 -0.22510240124826927
0.410953 0.0472577 0.0 -0.22445405611953864
0.41238 0.0472235 0.0 -0.22380050315069439
0.413809 0.0471889 0.0 -0.22317218947724762
0.41524 0.0471534 0.0 -0.22252602711154723
0.416672 0.0471175 0.0 -0.2218632989521289
0.418105 0.0470808 0.0 -0.2212051715344715
0.41954 0.0470436 0.0 -0.22052774261356062
0.420975 0.0470057 0.0 -0.21987330139824748
0.422413 0.0469672 0.0 -0.21923151840054014
0.423852 0.0469281 0.0 -0.2185828647455516
0.425292 0.0468883 0.0 -0.2178857815093107
0.426734 0.0468479 0.0 -0.21721361322868793
0.428177 0.046807 0.0 -0.21658379850480658
0.429622 0.0467653 0.0 -0.2158907199659647
0.431068 0.0467231 0.0 -0.21527406812894223
0.432516 0.0466803 0.0 -0.2146425461153666
0.433965 0.0466367 0.0 -0.2138896716855247
0.435415 0.0465926 0.0 -0.213185512435272
0.436867 0.046548 0.0 -0.21257165785341542
0.43832 0.0465026 0.0 -0.21189803349389455
0.439775 0.0464567 0.0 -0.21120266852388705
0.441231 0.0464101 0.0 -0.21049067999642124
0.442688 0.0463629 0.0 -0.20975980977405748
0.444147 0.0463152 0.0 -0.209134201436005
0.445608 0.0462669 0.0 -0.20852338798143574
0.447069 0.0462179 0.0 -0.20780226406670638
0.448533 0.0461682 0.0 -0.20708828457353415
0.449997 0.0461181 0.0 -0.20643721650939317
0.451463 0.0460673 0.0 -0.2057925311313109
0.452932 0.0460159 0.0 -0.20514695527932741
0.454401 0.0459639 0.0 -0.2044528248932244
0.455871 0.0459112 0.0 -0.20369642569187094
0.457343 0.045858 0.0 -0.20299983370180688
0.458816 0.0458042 0.0 -0.20231089135687483
0.460291 0.0457498 0.0 -0.20165171366356022
0.461768 0.0456948 0.0 -0.2010080999495201
0.463246 0.0456392 0.0 -0.2003486454033843
0.464725 0.045583 0.0 -0.19961248571814408
0.466205 0.0455261 0.0 -0.19886616012129582
0.467687 0.0454688 0.0 -0.1981990235219167
0.469171 0.0454108 0.0 -0.19753694854864626
0.470656 0.0453522 0.0 -0.1968335525596659
0.472143 0.045293 0.0 -0.1961381080304713
0.47363 0.0452333 0.0 -0.1954551505933487
0.47512 0.0451729 0.0 -0.1947342357483058
0.476611 0.0451119 0.0 -0.19400157333769022
0.478103 0.0450504 0.0 -0.19331594515988207
0.479598 0.0449883 0.0 -0.19267588890790618
0.481093 0.0449256 0.0 -0.19199207781472
0.482589 0.0448623 0.0 -0.19123790317212044
0.484088 0.0447983 0.0 -0.19048833895187206
0.485588 0.0447339 0.0 -0.1898466595621302
0.487089 0.0446689 0.0 -0.18917909847549924
0.488592 0.0446032 0.0 -0.1884256792107563
0.490096 0.0445369 0.0 -0.1876559312274466
0.491601 0.0444702 0.0 -0.18698036426986733
0.493109 0.0444028 0.0 -0.18629600628870432
0.494617 0.0443348 0.0 -0.18558940232434334
0.496128 0.0442663 0.0 -0.1848977241767921
0.497639 0.0441971 0.0 -0.18416968942961692
0.500998 -0.0615795 0.0 -0.2621672001236059
0.000198742 -0.0184509 0.0 0.9019819976746828
0.0003111 -0.0194445 0.0 0.8476609916877289
0.000487334 -0.0204305 0.0 0.7833879600381877
0.000724369 -0.0214045 0.0 0.712039949579618
0.00102115 -0.0223635 0.0 0.6353872975108064
0.00137263 -0.0233045 0.0 0.5544367051061353
0.00177676 -0.0242252 0.0 0.47378590360193523
0.00222951 -0.025124 0.0 0.39404955903597955
0.00272787 -0.0259998 0.0 0.3170290470505591
0.00326783 -0.0268521 0.0 0.24518648659643066
0.00384438 -0.0276808 0.0 0.17750518287971134
0.00445552 -0.0284859 0.0 0.11320272461725586
0.00509727 -0.0292679 0.0 0.05416056929959772
0.00576763 -0.0300273 0.0 0.0007510758824051424
0.0064626 -0.0307649 0.0 -0.04828578635436094
0.00718122 -0.0314816 0.0 -0.09317055181378175
0.00792049 -0.032178 0.0 -0.13382265083594772
0.00867942 -0.0328551 0.0 -0.17060912311122203
0.00945503 -0.0335138 0.0 -0.2043671302903374
0.0102473 -0.0341548 0.0 -0.23465198477424268
0.0110544 -0.034779 0.0 -0.2618439498952999
0.0118741 -0.0353871 0.0 -0.2868506213614906
0.0127066 -0.03598 0.0 -0.3100419163520579
0.0135498 -0.0365583 0.0 -0.33075263308683994
0.0144048 -0.0371226 0.0 -0.3501326889464615
0.0152685 -0.0376738 0.0 -0.36751106876399414
0.0161421 -0.0382121 0.0 -0.38294247987885754
0.0170244 -0.0387384 0.0 -0.39654044565294105
0.0179135 -0.039253 0.0 -0.4102753964312548
0.0188114 -0.0397566 0.0 -0.4224845019841074
0.0197162 -0.0402495 0.0 -0.43335060806106
0.0206267 -0.0407323 0.0 -0.4440123245113398
0.0215451 -0.0412052 0.0 -0.45293269418714577
0.0224683 -0.0416687 0.0 -0.4606698551203769
0.0233974 -0.0421233 0.0 -0.4688474508312691
0.0243313 -0.042569 0.0 -0.47670619661099145
0.0252711 -0.0430065 0.0 -0.48379383572387163
0.0262148 -0.0434359 0.0 -0.49004274902646217
0.0271643 -0.0438574 0.0 -0.49569740454938294
0.0281176 -0.0442715 0.0 -0.5014991843968679
0.0290749 -0.0446784 0.0 -0.5067426441172467
0.030037 -0.0450782 0.0 -0.5110858176878006
0.031003 -0.0454712 0.0 -0.5150359389631582
0.0319719 -0.0458578 0.0 -0.5188972178790269
0.0329447 -0.046238 0.0 -0.5222883882304772
0.0339214 -0.046612 0.0 -0.525689140829669
0.0349009 -0.04698 0.0 -0.5288889994585517
0.0358844 -0.0473422 0.0 -0.5321977236654369
0.0368708 -0.0476989 0.0 -0.5351470393284837
0.0378601 -0.0480501 0.0 -0.5374979095065802
0.0388522 -0.0483959 0.0 -0.539935003556554
0.0398473 -0.0487366 0.0 -0.5416413303191625
0.0408463 -0.0490722 0.0 -0.5433952505142922
0.0418463 -0.049403 0.0 -0.5456635376883316
0.0428501 -0.0497289 0.0 -0.5475841147529243
0.0438559 -0.0500503 0.0 -0.5490565892612809
0.0448646 -0.0503671 0.0 -0.5505165524089687
0.0458762 -0.0506795 0.0 -0.551668849861908
0.0468897 -0.0509875 0.0 -0.5528433999564271
0.0479052 -0.0512913 0.0 -0.554232417167369
0.0489235 -0.0515911 0.0 -0.5555292517543093
0.0499449 -0.0518868 0.0 -0.5562104726096808
0.0509671 -0.0521785 0.0 -0.5568706273105927
0.0519923 -0.0524665 0.0 -0.5574372433267029
0.0530194 -0.0527506 0.0 -0.5580436917110642
0.0540485 -0.0530311 0.0 -0.5587662856799377
0.0550804 -0.0533079 0.0 -0.5593996868238147
0.0561134 -0.0535812 0.0 -0.5599449732308134
0.0571492 -0.053851 0.0 -0.5603319017668122
0.058186 -0.0541174 0.0 -0.5606443662707637
0.0592258 -0.0543805 0.0 -0.5610015887140662
0.0602665 -0.0546404 0.0 -0.5614056430441149
0.0613101 -0.054897 0.0 -0.5614320990475176
0.0623547 -0.0551504 0.0 -0.561599803328792
0.0634022 -0.0554008 0.0 -0.5617256062027683
0.0644507 -0.0556481 0.0 -0.5618562072806716
0.0655011 -0.0558924 0.0 -0.5618724114603122
0.0665535 -0.0561339 0.0 -0.5620779610252411
0.0676078 -0.0563724 0.0 -0.5621946260080944
0.0686631 -0.0566081 0.0 -0.5622904053564554
0.0697213 -0.0568409 0.0 -0.562059973355382
0.0707805 -0.0570711 0.0 -0.5618375984399057
0.0718406 -0.0572985 0.0 -0.5617466912352994
0.0729037 -0.0575233 0.0 -0.5616427272659988
0.0739678 -0.0577455 0.0 -0.5613137598447069
0.0750338 -0.057965 0.0 -0.5611696160278923
0.0761017 -0.0581821 0.0 -0.5607916270338592
0.0771706 -0.0583966 0.0 -0.5605286380325301
0.0782415 -0.0586086 0.0 -0.5602634180244196
0.0793133 -0.0588183 0.0 -0.5601405134193409
0.0803881 -0.0590255 0.0 -0.559787478977077
0.0814628 -0.0592304 0.0 -0.55952482591227
0.0825405 -0.0594329 0.0 -0.5590525575130372
0.0836192 -0.0596331 0.0 -0.5586370210241788
0.0846988 -0.0598311 0.0 -0.5584076157937947
0.0857804 -0.0600268 0.0 -0.558080454750053
0.0868639 -0.0602203 0.0 -0.5575454290931049
0.0879484 -0.0604116 0.0 -0.5569999374545661
0.0890349 -0.0606007 0.0 -0.5564446716622268
0.0901223 -0.0607878 0.0 -0.5560148698066044
0.0912117 -0.0609727 0.0 -0.5555789244115985
0.0923021 -0.0611556 0.0 -0.555136213274452
0.0933944 -0.0613364 0.0 -0.5546667244306968
0.0944877 -0.0615151 0.0 -0.5541592735083286
0.0955829 -0.0616919 0.0 -0.5538553784464111
0.0966791 -0.0618667 0.0 -0.5531862272201842
0.0977773 -0.0620395 0.0 -0.55249100781423
0.0988765 -0.0622103 0.0 -0.5518745211826642
0.0999776 -0.0623793 0.0 -0.5512216861944086
0.10108 -0.0625463 0.0 -0.550676659827989
0.102183 -0.0627115 0.0 -0.5500742193305604
0.103288 -0.0628748 0.0 -0.5495761072027637
0.104394 -0.0630364 0.0 -0.5491425016880636
0.105502 -0.0631961 0.0 -0.5487224747293598
0.106611 -0.0633539 0.0 -0.5477327547241316
0.107722 -0.06351 0.0 -0.5468376981720695
0.108833 -0.0636643 0.0 -0.5463207243343832
0.109946 -0.0638169 0.0 -0.5457068319731782
0.111061 -0.0639676 0.0 -0.5449943232216813
0.112177 -0.0641168 0.0 -0.5442704184870961
0.113295 -0.0642642 0.0 -0.5435573662977166
0.114413 -0.0644099 0.0 -0.5429521161831018
0.115533 -0.064554 0.0 -0.5422157754093364
0.116655 -0.0646964 0.0 -0.5415187812817555
0.117777 -0.0648373 0.0 -0.5409153809389077
0.118902 -0.0649764 0.0 -0.5400872574908193
0.120027 -0.0651139 0.0 -0.5393470372690121
0.121154 -0.0652499 0.0 -0.5387804166784397
0.122281 -0.0653842 0.0 -0.5381908266653438
0.123411 -0.065517 0.0 -0.5375486951786493
0.124542 -0.0656483 0.0 -0.5367524757826871
0.125674 -0.065778 0.0 -0.5359265418469413
0.126807 -0.0659061 0.0 -0.5351751400634414
0.127942 -0.0660329 0.0 -0.5344546790521055
0.129078 -0.0661579 0.0 -0.5336681928560999
0.130215 -0.0662816 0.0 -0.5328614248336716
0.131355 -0.0664038 0.0 -0.5320438261814251
0.132494 -0.0665246 0.0 -0.5313614058547891
0.133635 -0.0666438 0.0 -0.5305485192504852
0.134778 -0.0667616 0.0 -0.5297269237678092
0.135922 -0.0668779 0.0 -0.5289206884506326
0.137067 -0.0669928 0.0 -0.5282787636571623
0.138213 -0.0671064 0.0 -0.5275370717135004
0.139361 -0.0672185 0.0 -0.5267491117425076
0.14051 -0.0673292 0.0 -0.5259419690977358
0.14166 -0.0674385 0.0 -0.5251459671028681
0.142812 -0.0675465 0.0 -0.5243268885790819
0.143965 -0.0676531 0.0 -0.523425045031509
0.145119 -0.0677583 0.0 -0.5226117096341121
0.146274 -0.0678622 0.0 -0.5217932715596638
0.147431 -0.0679647 0.0 -0.5209465082773871
0.148589 -0.0680659 0.0 -0.5201112698099667
0.149749 -0.0681658 0.0 -0.5192495603917127
0.15091 -0.0682643 0.0 -0.5184678660796501
0.152072 -0.0683617 0.0 -0.5177437958305146
0.153235 -0.0684576 0.0 -0.516875237537549
0.1544 -0.0685523 0.0 -0.5160325924457386
0.155564 -0.0686457 0.0 -0.5152515316113472
0.156732 -0.0687378 0.0 -0.5143727987541736
0.1579 -0.0688287 0.0 -0.5134695803289657
0.15907 -0.0689183 0.0 -0.5125550728357602
0.16024 -0.0690066 0.0 -0.5117526649237949
0.161412 -0.0690938 0.0 -0.5109120888125072
0.162586 -0.0691796 0.0 -0.5100402189911357
0.16376 -0.0692642 0.0 -0.5090955655062737
0.164936 -0.0693477 0.0 -0.5082592957706616
0.166114 -0.0694299 0.0 -0.507397380400166
0.167292 -0.0695109 0.0 -0.506551465922668
0.168472 -0.0695907 0.0 -0.5057817044203167
0.169652 -0.0696694 0.0 -0.5049375665727629
0.170835 -0.0697467 0.0 -0.5040143610273181
0.172018 -0.069823 0.0 -0.5031278906081581
0.173203 -0.069898 0.0 -0.5022830376099026
0.174389 -0.0699719 0.0 -0.5013968066080648
0.175576 -0.0700446 0.0 -0.5005252429484381
0.176765 -0.0701162 0.0 -0.49952043642914645
0.177955 -0.0701866 0.0 -0.49863906984951134
0.179146 -0.070256 0.0 -0.4978827970560642
0.180337 -0.0703241 0.0 -0.49701336229688237
0.181532 -0.070391 0.0 -0.4959412570033033
0.182726 -0.0704569 0.0 -0.4950692377809334
0.183922 -0.0705217 0.0 -0.49434247284953164
0.18512 -0.0705854 0.0 -0.49327588512721593
0.186318 -0.0706475 0.0 -0.4923210869304546
0.187518 -0.0707095 0.0 -0.49181518562061566
0.18872 -0.0707696 0.0 -0.49088150834063893
0.189922 -0.0708286 0.0 -0.48959571589266715
0.191125 -0.0708866 0.0 -0.4885771747726075
0.19233 -0.0709436 0.0 -0.4876120636640345
0.193536 -0.0709995 0.0 -0.48671055826453374
0.194743 -0.0710545 0.0 -0.48588785283670466
0.195953 -0.0711084 0.0 -0.4850470736139061
0.197163 -0.0711613 0.0 -0.48411972388668717
0.198374 -0.0712131 0.0 -0.4832825127041192
0.199586 -0.071264 0.0 -0.4827540055452976
0.2008 -0.0713138 0.0 -0.48180534337301023
0.202015 -0.0713616 0.0 -0.4803269591415258
0.203231 -0.0714094 0.0 -0.47965380121487855
0.204448 -0.0714562 0.0 -0.47900461972753416
0.205667 -0.0715009 0.0 -0.47750283732014626
0.206887 -0.0715456 0.0 -0.4765952585093582
0.208108 -0.0715893 0.0 -0.4763136717075505
0.209331 -0.071632 0.0 -0.4754184317328369
0.210555 -0.0716726 0.0 -0.47391276323413145
0.21178 -0.0717132 0.0 -0.4731678635428432
0.213005 -0.0717529 0.0 -0.47249867659425754
0.214233 -0.0717904 0.0 -0.47100125564143175
0.215462 -0.071828 0.0 -0.47002358227708524
0.216692 -0.0718645 0.0 -0.46949433077996844
0.217924 -0.0719 0.0 -0.46896372028493516
0.219156 -0.0719346 0.0 -0.4680349439212793
0.220389 -0.071967 0.0 -0.46640350573298817
0.221625 -0.0719995 0.0 -0.46524261420937607
0.222861 -0.0720309 0.0 -0.46448218587251455
0.224098 -0.0720613 0.0 -0.4635180052844994
0.225337 -0.0720907 0.0 -0.4623489801398065
0.226578 -0.072119 0.0 -0.46153079308457956
0.22782 -0.0721474 0.0 -0.46126515515372934
0.229062 -0.0721737 0.0 -0.46020985332772146
0.230306 -0.072199 0.0 -0.4589913459531073
0.23155 -0.0722243 0.0 -0.4582563828977854
0.232797 -0.0722475 0.0 -0.4573383212303746
0.234045 -0.0722708 0.0 -0.45635802857960966
0.235294 -0.0722919 0.0 -0.4551333695498839
0.236544 -0.0723131 0.0 -0.4544142547275156
0.237795 -0.0723333 0.0 -0.4535877993126087
0.239049 -0.0723514 0.0 -0.45180019880306643
0.240302 -0.0723696 0.0 -0.4509091135229484
0.241558 -0.0723876 0.0 -0.45077119409262373
0.242814 -0.0724037 0.0 -0.4498498072255359
0.244072 -0.0724188 0.0 -0.44840022042744065
0.245331 -0.0724328 0.0 -0.44734168631143256
0.246592 -0.0724468 0.0 -0.44655428156130467
0.247853 -0.0724588 0.0 -0.4453523317559076
0.249116 -0.0724707 0.0 -0.44441214851468946
0.25038 -0.0724817 0.0 -0.4438536779535962
0.251645 -0.0724916 0.0 -0.44303153063746853
0.252913 -0.0725005 0.0 -0.44199873387943817
0.25418 -0.0725084 0.0 -0.44068638433582674
0.255449 -0.0725152 0.0 -0.4396079640651771
0.25672 -0.072522 0.0 -0.43882925188632005
0.257992 -0.0725269 0.0 -0.43769448298881314
0.259265 -0.0725316 0.0 -0.43675111241894643
0.260539 -0.0725354 0.0 -0.4360584373730276
0.261815 -0.0725381 0.0 -0.43512102313844947
0.263092 -0.0725399 0.0 -0.4338913134479632
0.26437 -0.0725405 0.0 -0.43284443251436744
0.265649 -0.0725412 0.0 -0.43199844391448466
0.26693 -0.0725399 0.0 -0.4308412849618735
0.268213 -0.0725385 0.0 -0.4298647865267064
0.269496 -0.0725361 0.0 -0.42909052305149137
0.27078 -0.0725327 0.0 -0.4279541282494565
0.272066 -0.0725282 0.0 -0.4269990788826547
0.273353 -0.0725238 0.0 -0.42629160243025366
0.274641 -0.0725173 0.0 -0.42516867602051406
0.275931 -0.0725108 0.0 -0.4241848093975334
0.277222 -0.0725032 0.0 -0.4234326269630678
0.278514 -0.0724947 0.0 -0.4224172929987228
0.279808 -0.0724851 0.0 -0.4210276116293562
0.281102 -0.0724745 0.0 -0.41970603842667253
0.282399 -0.0724639 0.0 -0.41899351013182895
0.283696 -0.0724522 0.0 -0.41837794246255416
0.284995 -0.0724396 0.0 -0.41744957951315353
0.286295 -0.0724259 0.0 -0.4161704254776339
0.287596 -0.0724112 0.0 -0.41488298797405293
0.288899 -0.0723964 0.0 -0.4141694682764239
0.290203 -0.0723807 0.0 -0.41357717259133336
0.291508 -0.0723639 0.0 -0.41265801753112236
0.292815 -0.0723461 0.0 -0.41139914149955614
0.294122 -0.0723273 0.0 -0.41034771312285206
0.295432 -0.0723084 0.0 -0.4093568725986773
0.296741 -0.0722875 0.0 -0.40780465429072443
0.298053 -0.0722666 0.0 -0.40687022079712454
0.299366 -0.0722457 0.0 -0.40652488091029215
0.30068 -0.0722228 0.0 -0.4056992258496441
0.301996 -0.0721998 0.0 -0.4045496308424157
0.303313 -0.0721748 0.0 -0.4029536220349135
0.304631 -0.0721498 0.0 -0.40194876416641695
0.30595 -0.0721248 0.0 -0.40149939938195145
0.307271 -0.0720978 0.0 -0.40041891142894886
0.308594 -0.0720707 0.0 -0.39947150310625396
0.309916 -0.0720426 0.0 -0.39868635602047214
0.311241 -0.0720135 0.0 -0.3974063394634119
0.312568 -0.0719833 0.0 -0.3960604764382866
0.313894 -0.0719531 0.0 -0.39525360356141487
0.315223 -0.0719219 0.0 -0.3945278808477395
0.316553 -0.0718897 0.0 -0.3933414176992924
0.317884 -0.0718565 0.0 -0.39212426970392716
0.319217 -0.0718232 0.0 -0.3913748517330165
0.32055 -0.0717889 0.0 -0.3905878805280848
0.321886 -0.0717536 0.0 -0.38940310252939586
0.323222 -0.0717173 0.0 -0.3882317396556437
0.32456 -0.071681 0.0 -0.38756414634397507
0.325899 -0.0716436 0.0 -0.3868779704675214
0.327239 -0.0716052 0.0 -0.38584330074807166
0.328581 -0.0715658 0.0 -0.3844591429184563
0.329924 -0.0715253 0.0 -0.38304598245660726
0.331269 -0.0714848 0.0 -0.3820034876807561
0.332614 -0.0714434 0.0 -0.3813290192919091
0.333961 -0.0714018 0.0 -0.38056575270781196
0.335309 -0.0713583 0.0 -0.3792950415754288
0.336659 -0.0713147 0.0 -0.37806954085348576
0.33801 -0.0712702 0.0 -0.3773087728577528
0.339362 -0.0712255 0.0 -0.37645989240122607
0.340716 -0.0711789 0.0 -0.37505981448226666
0.342071 -0.0711323 0.0 -0.37413477788918703
0.343428 -0.0710856 0.0 -0.37363141871764355
0.344785 -0.0710369 0.0 -0.37252422332312335
0.346143 -0.0709882 0.0 -0.37145971384494375
0.347504 -0.0709384 0.0 -0.3703505974082159
0.348866 -0.0708876 0.0 -0.3691760672159293
0.350228 -0.0708369 0.0 -0.368483539655534
0.351593 -0.070785 0.0 -0.36770311257956223
0.352959 -0.0707322 0.0 -0.3664423193115777
0.354325 -0.0706783 0.0 -0.36511712203374824
0.355693 -0.0706244 0.0 -0.36423275100761565
0.357064 -0.0705695 0.0 -0.3632643118506225
0.358434 -0.0705136 0.0 -0.3620917920807796
0.359806 -0.0704576 0.0 -0.36128564032732485
0.36118 -0.0704006 0.0 -0.36052267752986106
0.362556 -0.0703426 0.0 -0.35928464360684903
0.363932 -0.0702836 0.0 -0.35800181079015425
0.365309 -0.0702246 0.0 -0.3569856178555289
0.366688 -0.0701645 0.0 -0.35624371932482324
0.368069 -0.0701044 0.0 -0.35543893030722046
0.36945 -0.0700423 0.0 -0.3540287835559062
0.370833 -0.0699801 0.0 -0.35300266468687763
0.372218 -0.0699179 0.0 -0.35241174432662115
0.373604 -0.0698537 0.0 -0.3512591397702851
0.374991 -0.0697895 0.0 -0.35006777403900263
0.37638 -0.0697243 0.0 -0.34922883490859513
0.377769 -0.069659 0.0 -0.3481544226769624
0.379161 -0.0695917 0.0 -0.346983792271132
0.380553 -0.0695254 0.0 -0.3462050302821189
0.381947 -0.0694571 0.0 -0.3452824106505738
0.383342 -0.0693887 0.0 -0.34422633767652666
0.384739 -0.0693193 0.0 -0.3431024208753562
0.386137 -0.0692489 0.0 -0.3419188947377434
0.387537 -0.0691785 0.0 -0.3410738876190888
0.388937 -0.069107 0.0 -0.3400312378470144
0.39034 -0.0690345 0.0 -0.3388389600008295
0.391743 -0.068962 0.0 -0.33802578950626194
0.393148 -0.0688885 0.0 -0.33705539984171995
0.394554 -0.068814 0.0 -0.33592738123301313
0.395962 -0.0687394 0.0 -0.3351274653821698
0.397371 -0.0686638 0.0 -0.3340850775755399
0.398781 -0.0685871 0.0 -0.332879688022307
0.400193 -0.0685105 0.0 -0.33207459734283723
0.401606 -0.0684328 0.0 -0.3310993004516717
0.403021 -0.0683541 0.0 -0.32995247375599845
0.404437 -0.0682754 0.0 -0.32918257584756944
0.405854 -0.0681957 0.0 -0.328242524411654
0.407272 -0.0681149 0.0 -0.32716320831347384
0.408692 -0.0680341 0.0 -0.3260450420515056
0.410114 -0.0679513 0.0 -0.3248093061949534
0.411537 -0.0678694 0.0 -0.3238640380555158
0.412961 -0.0677856 0.0 -0.3226717927385987
0.414386 -0.0677017 0.0 -0.32166410035939513
0.415813 -0.0676177 0.0 -0.3209384338270376
0.417242 -0.0675318 0.0 -0.3195772338259379
0.418672 -0.0674458 0.0 -0.31842873251399917
0.420102 -0.0673599 0.0 -0.31796198144937954
0.421535 -0.0672728 0.0 -0.3173633648556265
0.422969 -0.0671848 0.0 -0.3161418224949261
0.424404 -0.0670957 0.0 -0.31485102544413973
0.425841 -0.0670066 0.0 -0.31395419169301425
0.427279 -0.0669165 0.0 -0.31288794850289725
0.428718 -0.0668254 0.0 -0.31156239590227125
0.430159 -0.0667342 0.0 -0.31047073674439546
0.431601 -0.0666421 0.0 -0.3095545334073518
0.433045 -0.0665498 0.0 -0.3088292941895552
0.434491 -0.0664566 0.0 -0.3079415352316447
0.435937 -0.0663623 0.0 -0.3068807524393433
0.437385 -0.0662681 0.0 -0.3059708676316513
0.438834 -0.0661723 0.0 -0.3047887433201227
0.440285 -0.0660763 0.0 -0.30365070776371716
0.441737 -0.0659797 0.0 -0.30271437642699534
0.443191 -0.0658823 0.0 -0.30170922588596005
0.444646 -0.0657843 0.0 -0.30066938979746216
0.446102 -0.0656856 0.0 -0.2996456079749348
0.447561 -0.0655863 0.0 -0.29862644940354205
0.449019 -0.0654863 0.0 -0.29756557742003714
0.45048 -0.0653857 0.0 -0.2965808172687446
0.451942 -0.0652845 0.0 -0.29560696301388506
0.453405 -0.0651825 0.0 -0.29458044402479877
0.454871 -0.0650799 0.0 -0.29358402090645186
0.456337 -0.0649766 0.0 -0.2926305195242399
0.457805 -0.0648728 0.0 -0.29163213352919
0.459274 -0.0647682 0.0 -0.2906134422558381
0.460744 -0.064663 0.0 -0.2895779903070321
0.462217 -0.0645571 0.0 -0.28857733197967933
0.46369 -0.0644506 0.0 -0.28750424573274996
0.465165 -0.0643434 0.0 -0.2864572225757872
0.466642 -0.0642356 0.0 -0.28548312100787576
0.468119 -0.0641272 0.0 -0.28445990572623847
0.469598 -0.0640181 0.0 -0.28345859281068353
0.471079 -0.0639085 0.0 -0.28250658377515875
0.472561 -0.0637981 0.0 -0.2815321326632725
0.474045 -0.0636871 0.0 -0.2804949615454342
0.47553 -0.0635753 0.0 -0.2794356148380765
0.477016 -0.0634631 0.0 -0.2783907765130635
0.478504 -0.0633501 0.0 -0.27736866156824375
0.479993 -0.0632366 0.0 -0.27636326627335783
0.481485 -0.0631223 0.0 -0.27541273056961346
0.482977 -0.0630075 0.0 -0.2744133755178895
0.48447 -0.0628919 0.0 -0.27333346155735694
0.485965 -0.0627758 0.0 -0.27230051380930204
0.487462 -0.062659 0.0 -0.27133524438810463
0.488961 -0.0625416 0.0 -0.2703661040423012
0.49046 -0.0624236 0.0 -0.26934798831998297
0.491961 -0.0623049 0.0 -0.26829397289629264
0.493463 -0.0621856 0.0 -0.2672881342779292
0.494967 -0.0620657 0.0 -0.2662995970498434
0.496472 -0.0619451 0.0 -0.26530448920548383
0.49798 -0.0618239 0.0 -0.2642829356860735
0.499488 -0.061702 0.0 -0.26323001050323697
0.999013 -0.000160839 0.0 0.411362450162506
0.998026 -0.000321477 0.0 0.367832940901648
0.997039 -0.000482233 0.0 0.3402221684683122
0.99605 -0.000643024 0.0 0.3198840759884037
0.995059 -0.000803832 0.0 0.304021144694494
0.994068 -0.000964658 0.0 0.2906855424260648
0.993076 -0.0011254 0.0 0.2791898425778237
0.992082 -0.00128616 0.0 0.2691378728600521
0.991088 -0.00144684 0.0 0.2601077406743786
0.990093 -0.00160754 0.0 0.2519347252432027
0.989096 -0.00176825 0.0 0.24445600228272482
0.988099 -0.00192888 0.0 0.23748937067097434
0.987101 -0.00208953 0.0 0.23100822165877688
0.986101 -0.00225009 0.0 0.22498708597069408
0.985101 -0.00241068 0.0 0.21923732071873672
0.984099 -0.00257128 0.0 0.21382842049534756
0.983096 -0.00273181 0.0 0.20875232525025933
0.982093 -0.00289235 0.0 0.20385422914374268
0.981088 -0.0030529 0.0 0.19915654416438613
0.980083 -0.00321337 0.0 0.19467137414628394
0.979076 -0.00337388 0.0 0.19042535912790115
0.978068 -0.00353428 0.0 0.1863448199533833
0.97706 -0.0036947 0.0 0.1823263520121202
0.97605 -0.00385516 0.0 0.1784850979710408
0.975039 -0.00401552 0.0 0.17485473157361145
0.974027 -0.00417591 0.0 0.17127683814894484
0.973015 -0.0043362 0.0 0.16776358557075882
0.972 -0.00449663 0.0 0.1643858661985413
0.970986 -0.00465686 0.0 0.16106549478869153
0.96997 -0.00481722 0.0 0.15785534545521673
0.968952 -0.0049775 0.0 0.1547789186465449
0.967935 -0.00513768 0.0 0.15176793897857765
0.966915 -0.00529789 0.0 0.14885105095866266
0.965895 -0.00545813 0.0 0.14592888124722897
0.964874 -0.00561838 0.0 0.143044345135926
0.963851 -0.00577854 0.0 0.1403645014913295
0.962828 -0.00593863 0.0 0.1377378303209755
0.961804 -0.00609873 0.0 0.1351266688598181
0.960778 -0.00625885 0.0 0.13254387783166402
0.959752 -0.00641899 0.0 0.12991768302190554
0.958725 -0.00657904 0.0 0.1274143128668232
0.957696 -0.00673901 0.0 0.12500121902855357
0.956667 -0.0068991 0.0 0.12259248533768359
0.955635 -0.00705913 0.0 0.12028943418303688
0.954604 -0.00721905 0.0 0.11795729093048386
0.953572 -0.00737899 0.0 0.11562395161897664
0.952537 -0.00753897 0.0 0.11343905321210605
0.951503 -0.00769884 0.0 0.11121432220348562
0.950467 -0.00785876 0.0 0.1090414512172001
0.949429 -0.00801869 0.0 0.10693368675159665
0.948392 -0.00817851 0.0 0.10478315073879628
0.947353 -0.00833828 0.0 0.10272366263680902
0.946312 -0.00849816 0.0 0.1006950184469227
0.945271 -0.00865796 0.0 0.09869263178938764
0.944228 -0.00881767 0.0 0.09679037589446172
0.943185 -0.00897741 0.0 0.09480662037138328
0.942141 -0.00913716 0.0 0.09279820429277798
0.941095 -0.00929683 0.0 0.09094094634160028
0.940048 -0.00945653 0.0 0.0890948214437545
0.939001 -0.00961613 0.0 0.08717390597187238
0.937952 -0.00977586 0.0 0.0852853347717363
0.936902 -0.00993541 0.0 0.08357578442155783
0.93585 -0.010095 0.0 0.08187886021193831
0.934799 -0.0102546 0.0 0.07999620771311788
0.933746 -0.0104142 0.0 0.078175641781046
0.932691 -0.0105737 0.0 0.07657490222818197
0.931636 -0.0107331 0.0 0.07484429991348734
0.930581 -0.0108927 0.0 0.07302407929945919
0.929522 -0.0110521 0.0 0.07140592677050175
0.928464 -0.0112116 0.0 0.0697711442816305
0.927404 -0.011371 0.0 0.06811337049620962
0.926344 -0.0115303 0.0 0.06649350838993187
0.925282 -0.0116897 0.0 0.06487852110782327
0.924219 -0.011849 0.0 0.06333722106001571
0.923155 -0.0120083 0.0 0.06182042704578665
0.92209 -0.0121676 0.0 0.060220102758420685
0.921024 -0.012327 0.0 0.05855892902143282
0.919957 -0.0124862 0.0 0.05705446588318997
0.918888 -0.0126454 0.0 0.05561172061862162
0.917819 -0.0128047 0.0 0.05405069630122597
0.916749 -0.0129638 0.0 0.05254211098687292
0.915677 -0.013123 0.0 0.051039561358633814
0.914605 -0.0132822 0.0 0.049560857611895735
0.91353 -0.0134412 0.0 0.04821921068791423
0.912456 -0.0136003 0.0 0.046761208780215766
0.91138 -0.0137594 0.0 0.04526977680359286
0.910303 -0.0139184 0.0 0.04381760745595702
0.909225 -0.0140775 0.0 0.04240041079517633
0.908145 -0.0142364 0.0 0.04109114161019654
0.907065 -0.0143954 0.0 0.03968835849612914
0.905984 -0.0145543 0.0 0.038276702464316664
0.904901 -0.0147132 0.0 0.036940007285588806
0.903817 -0.0148722 0.0 0.035548670052610594
0.902733 -0.015031 0.0 0.03418319262816986
0.901646 -0.0151899 0.0 0.032868494739337326
0.90056 -0.0153487 0.0 0.03150988785074686
0.899471 -0.0155075 0.0 0.03024338444185182
0.898382 -0.0156662 0.0 0.028975804683326684
0.897292 -0.015825 0.0 0.027614400809895266
0.8962 -0.0159838 0.0 0.026261813481059788
0.895108 -0.0161425 0.0 0.02494924506635841
0.894014 -0.0163011 0.0 0.02375868868999497
0.892919 -0.0164597 0.0 0.022500295977261626
0.891824 -0.0166184 0.0 0.021151982010360386
0.890726 -0.0167769 0.0 0.019952157202076923
0.889628 -0.0169355 0.0 0.0187797360326645
0.888528 -0.017094 0.0 0.017569590376048622
0.887428 -0.0172526 0.0 0.016248002441300452
0.886327 -0.0174111 0.0 0.014965457760383225
0.885224 -0.0175695 0.0 0.013812730881120913
0.88412 -0.017728 0.0 0.012623751406261725
0.883015 -0.0178864 0.0 0.011433089342566441
0.881909 -0.0180447 0.0 0.010217326859134984
0.880802 -0.0182032 0.0 0.008982972241941993
0.879693 -0.0183614 0.0 0.007879770519511976
0.878584 -0.0185197 0.0 0.0067501995668745735
0.877473 -0.018678 0.0 0.005556105044421198
0.876362 -0.0188362 0.0 0.004338754370532515
0.875249 -0.0189945 0.0 0.003148528853380241
0.874135 -0.0191526 0.0 0.002024709057042798
0.87302 -0.0193108 0.0 0.0009038382815674737
0.871903 -0.0194689 0.0 -0.00023233809496391877
0.870786 -0.0196271 0.0 -0.001393664531397271
0.869667 -0.0197851 0.0 -0.002486948673647651
0.868547 -0.0199432 0.0 -0.0036054790148956216
0.867427 -0.0201012 0.0 -0.0047639677630714715
0.866304 -0.0202592 0.0 -0.005862996833853111
0.865182 -0.0204171 0.0 -0.006967764741537828
0.864057 -0.020575 0.0 -0.0080253876778396
0.862932 -0.0207329 0.0 -0.009167709897556503
0.861806 -0.0208908 0.0 -0.010324684269047481
0.860677 -0.0210487 0.0 -0.011363324033958977
0.859549 -0.0212064 0.0 -0.01243203240555293
0.858418 -0.0213643 0.0 -0.01349446747086546
0.857287 -0.0215219 0.0 -0.01448641119079579
0.856154 -0.0216797 0.0 -0.015529414464770012
0.855021 -0.0218374 0.0 -0.016690718768087698
0.853887 -0.0219951 0.0 -0.017848740208224242
0.852751 -0.0221527 0.0 -0.018909209463900307
0.851614 -0.0223103 0.0 -0.019922860830178354
0.850475 -0.0224679 0.0 -0.020935677683018114
0.849336 -0.0226254 0.0 -0.0219066509977151
0.848195 -0.0227828 0.0 -0.022910437346699248
0.847054 -0.0229404 0.0 -0.02406731922619009
0.845912 -0.0230977 0.0 -0.025116900303349822
0.844767 -0.0232551 0.0 -0.026048502850118147
0.843622 -0.0234125 0.0 -0.027072208526872008
0.842475 -0.0235699 0.0 -0.028082846232227034
0.841328 -0.0237271 0.0 -0.029097777416807857
0.84018 -0.0238844 0.0 -0.030211885850396213
0.83903 -0.0240417 0.0 -0.03127282570413393
0.837879 -0.0241988 0.0 -0.032207183067196304
0.836726 -0.024356 0.0 -0.03315600440331466
0.835573 -0.0245131 0.0 -0.034120502298116036
0.834418 -0.0246701 0.0 -0.03506555494947916
0.833263 -0.0248272 0.0 -0.0360922659716926
0.832106 -0.0249842 0.0 -0.03713939866487497
0.830948 -0.0251413 0.0 -0.03818008282087383
0.829789 -0.0252982 0.0 -0.03915627007246732
0.828628 -0.0254551 0.0 -0.040111589985702994
0.827467 -0.025612 0.0 -0.04109037316983671
0.826303 -0.0257688 0.0 -0.042018242105671705
0.82514 -0.0259256 0.0 -0.04295818174393468
0.823974 -0.0260823 0.0 -0.043887219478192185
0.822808 -0.0262391 0.0 -0.044896453400807466
0.821641 -0.0263958 0.0 -0.0459344295815482
0.820472 -0.0265524 0.0 -0.046884166355831494
0.819302 -0.0267091 0.0 -0.047856329389576124
0.818131 -0.0268656 0.0 -0.04881040186193377
0.816959 -0.0270221 0.0 -0.04974479884995731
0.815785 -0.0271786 0.0 -0.05067222578754354
0.81461 -0.0273351 0.0 -0.0516136748117461
0.813434 -0.0274915 0.0 -0.052579191870397064
0.812257 -0.0276479 0.0 -0.05350362277755715
0.811078 -0.0278042 0.0 -0.05439567883780584
0.809899 -0.0279605 0.0 -0.055387450157077286
0.808719 -0.0281167 0.0 -0.05633503609343644
0.807536 -0.0282729 0.0 -0.057234536713065845
0.806354 -0.0284291 0.0 -0.058220268878633546
0.805169 -0.0285852 0.0 -0.05917850719402821
0.803984 -0.0287413 0.0 -0.06006940769508499
0.802796 -0.0288973 0.0 -0.06094843521126109
0.801609 -0.0290533 0.0 -0.06186635807951183
0.800419 -0.0292092 0.0 -0.0627561897547199
0.799229 -0.0293651 0.0 -0.06365310434343763
0.798037 -0.029521 0.0 -0.06460759564554698
0.796845 -0.0296768 0.0 -0.06560020417167035
0.795651 -0.0298326 0.0 -0.0665177263547772
0.794455 -0.0299883 0.0 -0.06737650305938948
0.793259 -0.030144 0.0 -0.06829392155864791
0.792061 -0.0302996 0.0 -0.06920137105880202
0.790862 -0.0304552 0.0 -0.07009987145560992
0.789662 -0.0306107 0.0 -0.07100063736160725
0.788461 -0.0307661 0.0 -0.07189614803128558
0.787258 -0.0309216 0.0 -0.07280691669617882
0.786054 -0.031077 0.0 -0.07370217458674584
0.784849 -0.0312323 0.0 -0.07459847339813515
0.783643 -0.0313876 0.0 -0.07553120733471554
0.782435 -0.0315429 0.0 -0.07639260769215996
0.781226 -0.031698 0.0 -0.07721380227631196
0.780016 -0.0318532 0.0 -0.0781121391010823
0.778805 -0.0320082 0.0 -0.0789853549398616
0.777592 -0.0321633 0.0 -0.07988012028295005
0.776379 -0.0323183 0.0 -0.08081571796687695
0.775164 -0.0324732 0.0 -0.08170522181271396
0.773948 -0.0326281 0.0 -0.08259642685929235
0.772731 -0.0327829 0.0 -0.0835058497680977
0.771512 -0.0329377 0.0 -0.08437871752420714
0.770292 -0.0330924 0.0 -0.0852092750010118
0.769071 -0.033247 0.0 -0.08609901032483436
0.767849 -0.0334017 0.0 -0.08700049522839479
0.766625 -0.0335561 0.0 -0.08781140244899842
0.7654 -0.0337107 0.0 -0.08868212891288854
0.764174 -0.0338651 0.0 -0.08961894857191777
0.762947 -0.0340195 0.0 -0.09048209973741302
0.761717 -0.0341738 0.0 -0.09130104439474006
0.760488 -0.0343281 0.0 -0.0921895645382878
0.759256 -0.0344823 0.0 -0.09309629355310411
0.758025 -0.0346364 0.0 -0.09399660276096224
0.75679 -0.0347905 0.0 -0.09481686166552218
0.755556 -0.0349444 0.0 -0.09563848000397342
0.754319 -0.0350985 0.0 -0.09655958242084106
0.753082 -0.0352524 0.0 -0.09743962547589338
0.751843 -0.0354062 0.0 -0.09831195447462925
0.750604 -0.03556 0.0 -0.09922212422607711
0.749362 -0.0357137 0.0 -0.10007721040184603
0.74812 -0.0358673 0.0 -0.10089495697777809
0.746876 -0.0360208 0.0 -0.10175163841260018
0.745631 -0.0361744 0.0 -0.10262898725676747
0.744384 -0.0363278 0.0 -0.1034429936094287
0.743137 -0.0364811 0.0 -0.10423842644844947
0.741888 -0.0366344 0.0 -0.10515303907923755
0.740639 -0.0367877 0.0 -0.10611130611418013
0.739387 -0.0369408 0.0 -0.10691082751049533
0.738134 -0.0370939 0.0 -0.10770068108629118
0.73688 -0.037247 0.0 -0.10858246317629212
0.735624 -0.0374 0.0 -0.10941571558025606
0.734368 -0.0375528 0.0 -0.11024068314308057
0.73311 -0.0377057 0.0 -0.11115258394019562
0.731852 -0.0378584 0.0 -0.11205786860816272
0.730591 -0.0380111 0.0 -0.1128845732003652
0.72933 -0.0381636 0.0 -0.11367819900332989
0.728066 -0.0383162 0.0 -0.11452538525398799
0.726803 -0.0384686 0.0 -0.11543301927391711
0.725537 -0.038621 0.0 -0.11626001511505143
0.72427 -0.0387732 0.0 -0.11704131236393518
0.723002 -0.0389255 0.0 -0.11796097932139656
0.721733 -0.0390777 0.0 -0.11888361578054112
0.720462 -0.0392297 0.0 -0.11974225888123236
0.719191 -0.0393817 0.0 -0.1206067231490373
0.717917 -0.0395335 0.0 -0.12140089755414846
0.716642 -0.0396854 0.0 -0.122207622546381
0.715366 -0.0398371 0.0 -0.12303450318707652
0.714089 -0.0399887 0.0 -0.12387125005173072
0.712811 -0.0401403 0.0 -0.12477344075435132
0.711531 -0.0402918 0.0 -0.1256529465640346
0.71025 -0.0404432 0.0 -0.1264828946855307
0.708967 -0.0405945 0.0 -0.12730840960042697
0.707684 -0.0407457 0.0 -0.12822043633714075
0.706399 -0.0408969 0.0 -0.1290708806409503
0.705112 -0.0410478 0.0 -0.12981539672210343
0.703825 -0.0411988 0.0 -0.1306486474564948
0.702536 -0.0413496 0.0 -0.13155066944278823
0.701246 -0.0415005 0.0 -0.13244692344112835
0.699954 -0.0416511 0.0 -0.13329227820630887
0.698662 -0.0418017 0.0 -0.13411370902524167
0.697367 -0.0419521 0.0 -0.13494120789821645
0.696072 -0.0421026 0.0 -0.13583701937310214
0.694775 -0.0422528 0.0 -0.1366512527326822
0.693476 -0.042403 0.0 -0.13741941861151113
0.692177 -0.0425531 0.0 -0.1382588795943066
0.690876 -0.0427031 0.0 -0.139167205815865
0.689575 -0.0428531 0.0 -0.14013962694738843
0.688271 -0.0430029 0.0 -0.1409607289829782
0.686966 -0.0431525 0.0 -0.1417354944601644
0.68566 -0.0433022 0.0 -0.14259883086101643
0.684352 -0.0434516 0.0 -0.1434226593012462
0.683044 -0.043601 0.0 -0.14426817488276159
0.681733 -0.0437503 0.0 -0.145133303420426
0.680422 -0.0438995 0.0 -0.14598469454856391
0.679109 -0.0440485 0.0 -0.14682351496530888
0.677795 -0.0441975 0.0 -0.14768661750643325
0.67648 -0.0443463 0.0 -0.1485579859036935
0.675163 -0.044495 0.0 -0.149373196386273
0.673844 -0.0446437 0.0 -0.15022235862837852
0.672525 -0.0447922 0.0 -0.15110056993424092
0.671204 -0.0449406 0.0 -0.15196138621516933
0.669882 -0.0450889 0.0 -0.15279869050956818
0.668558 -0.045237 0.0 -0.1536049012751107
0.667233 -0.0453851 0.0 -0.1544598003593834
0.665908 -0.0455329 0.0 -0.15536102871505422
0.66458 -0.0456808 0.0 -0.15625687263041557
0.663251 -0.0458285 0.0 -0.1571048664199923
0.66192 -0.045976 0.0 -0.15788967596601164
0.660588 -0.0461235 0.0 -0.15873240339372216
0.659256 -0.0462707 0.0 -0.15963620676004714
0.657921 -0.046418 0.0 -0.16050465952686568
0.656585 -0.046565 0.0 -0.16135656954172414
0.655249 -0.0467119 0.0 -0.16224439451343498
0.65391 -0.0468587 0.0 -0.16306675883947871
0.65257 -0.0470053 0.0 -0.1638829551862898
0.651229 -0.0471519 0.0 -0.1647761537661191
0.649886 -0.0472983 0.0 -0.16565115241911954
0.648542 -0.0474446 0.0 -0.16653800840443275
0.647197 -0.0475907 0.0 -0.1673784679244026
0.64585 -0.0477366 0.0 -0.16821768360789624
0.644503 -0.0478825 0.0 -0.16915373516317575
0.643153 -0.0480282 0.0 -0.16999780276083554
0.641802 -0.0481737 0.0 -0.17080527118589175
0.64045 -0.0483192 0.0 -0.17168987955393003
0.639096 -0.0484644 0.0 -0.1725266905414351
0.637741 -0.0486096 0.0 -0.17343177297012505
0.636385 -0.0487546 0.0 -0.1743732145767494
0.635027 -0.0488994 0.0 -0.1752005296968981
0.633668 -0.049044 0.0 -0.17600752402259237
0.632307 -0.0491886 0.0 -0.17692983494954614
0.630946 -0.049333 0.0 -0.17787164346059686
0.629582 -0.0494772 0.0 -0.17866889329488397
0.628217 -0.0496212 0.0 -0.1794819723652444
0.626852 -0.0497651 0.0 -0.18042187726572667
0.625484 -0.0499089 0.0 -0.1813106062310509
0.624115 -0.0500524 0.0 -0.1821187753120647
0.622745 -0.0501958 0.0 -0.18299716541687486
0.621373 -0.0503391 0.0 -0.18393240103630026
0.62 -0.0504822 0.0 -0.18478956610807656
0.618625 -0.0506251 0.0 -0.18562082290693813
0.61725 -0.0507678 0.0 -0.18648113646675643
0.615872 -0.0509104 0.0 -0.1873624827639856
0.614493 -0.0510529 0.0 -0.18829710326671428
0.613114 -0.0511951 0.0 -0.18922602492093887
0.611732 -0.0513371 0.0 -0.1900668660172682
0.610349 -0.051479 0.0 -0.19091170530918225
0.608964 -0.0516207 0.0 -0.1917894737664738
0.607579 -0.0517622 0.0 -0.19271024312905952
0.606192 -0.0519035 0.0 -0.19360019243633292
0.604803 -0.0520446 0.0 -0.19446316474577705
0.603413 -0.0521856 0.0 -0.19535192321896266
0.602022 -0.0523263 0.0 -0.19627376699228014
0.600629 -0.052467 0.0 -0.19721490856051377
0.599235 -0.0526073 0.0 -0.19809519058800423
0.597839 -0.0527475 0.0 -0.198939898232587
0.596442 -0.0528875 0.0 -0.19987442293534388
0.595044 -0.0530273 0.0 -0.20078510135183944
0.593643 -0.0531669 0.0 -0.20165716050971252
0.592242 -0.0533063 0.0 -0.20256173684294596
0.590839 -0.0534455 0.0 -0.20345797065953816
0.589435 -0.0535844 0.0 -0.20436822837273705
0.588029 -0.0537233 0.0 -0.20528510140328038
0.586622 -0.0538617 0.0 -0.2061445786839659
0.585213 -0.0540001 0.0 -0.2070192433072905
0.583803 -0.0541383 0.0 -0.2079932822565382
0.582392 -0.0542762 0.0 -0.2089445692231414
0.580979 -0.0544139 0.0 -0.2098379339135285
0.579565 -0.0545513 0.0 -0.21072442190967156
0.578149 -0.0546886 0.0 -0.21160937193341003
0.576731 -0.0548256 0.0 -0.2125164590442456
0.575313 -0.0549625 0.0 -0.21351485870881745
0.573893 -0.055099 0.0 -0.2144194740455875
0.572471 -0.0552353 0.0 -0.21528897244533848
0.571048 -0.0553715 0.0 -0.2162255216092477
0.569623 -0.0555073 0.0 -0.21711837288143365
0.568197 -0.055643 0.0 -0.21805253454933865
0.56677 -0.0557784 0.0 -0.21904126709377467
0.565342 -0.0559135 0.0 -0.21997754035658407
0.563911 -0.0560484 0.0 -0.2208409787675796
0.562479 -0.056183 0.0 -0.2217507437938138
0.561046 -0.0563175 0.0 -0.22272522262601366
0.559611 -0.0564516 0.0 -0.22366104710565993
0.558175 -0.0565855 0.0 -0.22457265022365164
0.556737 -0.0567191 0.0 -0.22547861369602756
0.555298 -0.0568525 0.0 -0.22643114383203022
0.553858 -0.0569856 0.0 -0.22744741711844899
0.552416 -0.0571185 0.0 -0.22836885043190908
0.550972 -0.057251 0.0 -0.22925398807732447
0.549527 -0.0573834 0.0 -0.23021102647384414
0.54808 -0.0575154 0.0 -0.23112589607457362
0.546632 -0.0576471 0.0 -0.2320177480933949
0.545183 -0.0577786 0.0 -0.2330227207420227
0.543732 -0.0579099 0.0 -0.2340501663740501
0.542279 -0.0580408 0.0 -0.2349259883463119
0.540825 -0.0581713 0.0 -0.23580585231102835
0.53937 -0.0583018 0.0 -0.2368442156678229
0.537913 -0.0584318 0.0 -0.23781972463828907
0.536454 -0.0585616 0.0 -0.2387345738821007
0.534994 -0.058691 0.0 -0.2396844934834304
0.533534 -0.0588201 0.0 -0.24067895395126085
0.532071 -0.058949 0.0 -0.24165579725779385
0.530606 -0.0590775 0.0 -0.24256726897098674
0.529141 -0.0592057 0.0 -0.24352309534599406
0.527673 -0.0593337 0.0 -0.24452796131123167
0.526204 -0.0594613 0.0 -0.2455139652420752
0.524734 -0.0595886 0.0 -0.24649750743375531
0.523262 -0.0597155 0.0 -0.24746978629949007
0.521789 -0.0598422 0.0 -0.24847773926727984
0.520314 -0.0599685 0.0 -0.24947118817399214
0.518837 -0.0600945 0.0 -0.25036755472523076
0.517358 -0.0602201 0.0 -0.25126673527285914
0.515879 -0.0603454 0.0 -0.25225221842319834
0.514398 -0.0604704 0.0 -0.25328919436768826
0.512916 -0.060595 0.0 -0.254291712294068
0.511432 -0.0607193 0.0 -0.2553021247647238
0.509946 -0.0608433 0.0 -0.25629948708085537
0.508459 -0.0609668 0.0 -0.2572369669852654
0.506971 -0.06109 0.0 -0.258238035224709
0.505481 -0.0612129 0.0 -0.2592662182075128
0.503989 -0.0613354 0.0 -0.2602227548170456
0.502495 -0.0614575 0.0 -0.261158951638073