1 0
2 0.148273
3 0.156002
4 0.0890948
5 0.055885
6 0.0388114
7 0.0552544
8 0.0651569
9 0.125525
10 0.0868539
11 0.584402
12 0.345059
13 0.277116
14 0.159689
15 0.0114202
16 8.44622e-05
17 1.30495e-08
1 0
2 0.148273
3 0.156002
4 0.0890948
5 0.055885
6 0.0388114
7 0.0552544
8 0.0651569
9 0.125525
10 0.0868539
11 0.584402
12 0.345059
13 0.277116
14 0.159689
15 0.0114202
16 8.44622e-05
17 0.173198
18 0.108012
19 0.0123715
20 0.000128051
21 3.59104e-08
1 0
2 0.148273
3 0.156002
4 0.0890948
5 0.055885
6 0.0388114
7 0.0552544
8 0.0651569
9 0.125525
10 0.0868539
11 0.584402
12 0.345059
13 0.277116
14 0.159689
15 0.0114202
16 8.44622e-05
17 0.196131
18 0.128263
19 0.0808036
20 0.0333136
21 0.00163418
22 1.79579e-06
1 0
2 0.148273
3 0.156002
4 0.0890948
5 0.055885
6 0.0388114
7 0.0552544
8 0.0651569
9 0.125525
10 0.0868539
11 0.584402
12 0.345059
13 0.277116
14 0.159689
15 0.0114202
16 8.44622e-05
17 0.296533
18 0.197256
19 0.133393
20 0.0803168
21 0.047465
22 0.0263968
23 0.00651205
24 0.000748961
25 1.53919e-06
1 0
2 0.149338
3 0.12601
4 0.0510856
5 0.0320958
6 0.021081
7 0.0149656
8 0.0399304
9 0.0256761
10 0.0313039
11 0.000335811
12 0.0482417
13 0.473617
14 0.617146
15 0.609445
16 0.381061
17 0.258094
18 0.184393
19 0.160469
20 0.163923
21 0.251102
22 0.204941
23 0.189833
24 0.329001
25 0.342591
26 0.383319
27 0.237951
28 0.269683
29 0.417289
30 0.491209
1 0
2 0.149338
3 0.12601
4 0.0510856
5 0.0262162
6 0.0170899
7 0.0650327
8 0.0462352
9 0.000683299
10 0.045801
11 0.450185
12 3.20323
13 1.28205
14 0.542367
15 0.479834
16 0.626349
17 0.492612
18 0.207485
19 0.166365
20 0.252526
21 0.201662
22 0.190648
23 0.325095
24 0.342544
25 0.465968
26 0.283964
27 0.274405
28 0.420984
29 0.490424
30 0.120402
1 0
2 0.149338
3 0.12601
4 0.0510856
5 0.0262162
6 0.0170899
7 0.0650327
8 0.0462352
9 0.000683299
10 0.0515786
11 0.546838
12 0.874745
13 0.40847
14 0.174785
15 0.21878
16 0.15425
17 0.169534
18 0.217488
19 0.107975
20 0.190928
21 0.214372
22 0.227108
23 0.32771
24 0.440252
25 0.350781
26 0.216118
27 0.16697
28 0.446433
29 0.342687
30 0.330826
1 0
2 0.149338
3 0.12601
4 0.0510856
5 0.0262162
6 0.0170899
7 0.0650327
8 0.0462352
9 0.000683299
10 0.058559
11 0.142855
12 0.290404
13 0.353398
14 0.158627
15 0.154039
16 0.118997
17 0.154035
18 0.0493303
19 0.196252
20 0.101863
21 0.19207
22 0.268314
23 0.254399
24 0.666989
25 0.477245
26 0.340814
27 0.393985
28 0.258308
29 0.0578316
30 0.0297033
1 0
2 0.149338
3 0.12601
4 0.0510856
5 0.0262162
6 0.0170899
7 0.0650327
8 0.0462352
9 0.000683299
10 0.0301893
11 0.0414509
12 0.159698
13 0.230847
14 0.201746
15 0.186266
16 0.0710177
17 0.0364868
18 0.114401
19 0.0076384
20 0.000112711
21 3.03423e-08
1 0
2 0.149338
3 0.12601
4 0.0510856
5 0.0262162
6 0.0170899
7 0.0650327
8 0.0462352
9 0.000683299
10 0.0301893
11 0.0414509
12 0.159698
13 0.230847
14 0.201746
15 0.186266
16 0.0710177
17 0.0364868
18 0.114401
19 0.0076384
20 0.000112711
21 3.03423e-08
1 0
2 0.149338
3 0.12601
4 0.0510856
5 0.0262162
6 0.0170899
7 0.0650327
8 0.0462352
9 0.000683299
10 0.0301893
11 0.0414509
12 0.159698
13 0.230847
14 0.201746
15 0.186266
16 0.0710177
17 0.0364868
18 0.114401
19 0.0076384
20 0.000112711
21 3.03423e-08
1 0
2 0.149338
3 0.12601
4 0.0510856
5 0.0262162
6 0.0170899
7 0.0650327
8 0.0462352
9 0.000683299
10 0.0348919
11 0.0306399
12 0.110623
13 0.193479
14 0.138996
15 0.166525
16 0.0950827
17 0.00548133
18 5.51897e-05
19 6.37002e-09
1 0
2 0.149338
3 0.12601
4 0.0510856
5 0.0262162
6 0.0170899
7 0.0650327
8 0.0462352
9 0.000683299
10 0.0348919
11 0.0306399
12 0.21772
13 0.2307
14 0.0696882
15 0.112274
16 0.0678107
17 0.0340828
18 0.0173202
19 0.0928574
20 0.00510851
21 0.000181423
22 2.27545e-08
1 0
2 0.149338
3 0.12601
4 0.0510856
5 0.0262162
6 0.0170899
7 0.0650327
8 0.0462352
9 0.000683299
10 0.0348919
11 0.0306399
12 0.158275
13 0.323183
14 0.0594674
15 0.00622633
16 2.21494e-05
1 0
2 0.149338
3 0.12601
4 0.0510856
5 0.0262162
6 0.0170899
7 0.0650327
8 0.0462352
9 0.000683299
10 0.0309569
11 0.0162337
12 0.0548403
13 0.0484782
14 0.027489
15 0.0824256
16 0.00384318
17 1.67258e-05
1 0
2 0.149338
3 0.12601
4 0.0510856
5 0.0262162
6 0.0170899
7 0.0650327
8 0.0462352
9 0.000683299
10 0.0136877
11 0.00287539
12 0.000424039
13 0.000136724
14 0.00163307
15 5.12264e-06
1 0
2 0.149338
3 0.12601
4 0.0510856
5 0.0262162
6 0.0170899
7 0.0650327
8 0.0462352
9 0.000683299
10 0.0252974
11 0.0101061
12 0.00521564
13 0.0028852
14 0.00191363
15 0.000288623
16 2.43653e-07
1 0
2 0.149338
3 0.12601
4 0.0510856
5 0.0262162
6 0.0170899
7 0.0650327
8 0.0462352
9 0.000683299
10 0.0461758
11 0.0324327
12 0.163219
13 0.105904
14 0.189347
15 0.185098
16 0.014819
17 0.000192358
18 5.33606e-08
1 0
2 0.149338
3 0.12601
4 0.0510856
5 0.0262162
6 0.0170899
7 0.0650327
8 0.0462352
9 0.000683299
10 0.0566338
11 0.0320554
12 0.139613
13 0.0465509
14 0.0993132
15 0.0102847
16 9.85092e-05
17 2.51548e-08
1 0
2 0.126439
3 0.0801618
4 0.0376869
5 0.0193987
6 0.00846908
7 0.000594269
8 0.0268845
9 0.00286299
10 4.70029e-06
1 0
2 0.126439
3 0.0801618
4 0.0376869
5 0.0193987
6 0.00846908
7 0.000594269
8 0.0509582
9 0.0270953
10 0.000632125
11 5.79083e-07
1 0
2 0.126204
3 0.0885221
4 0.0433465
5 0.0234219
6 0.0128144
7 0.00731056
8 0.00032511
9 0.0292388
10 0.00200704
11 9.31759e-06
1 0
2 0.126147
3 0.105402
4 0.0579052
5 0.0354001
6 0.025118
7 0.0159078
8 0.0384264
9 0.0128449
10 0.00607786
11 2.2388e-05
12 0.0186467
13 0.0090785
14 0.00450293
15 0.00162432
16 0.000249004
17 8.60265e-06
18 1.81608e-08
1 0
2 0.126147
3 0.105402
4 0.0579052
5 0.0354001
6 0.025118
7 0.0159078
8 0.0384264
9 0.0128449
10 0.00607786
11 2.2388e-05
12 0.0218054
13 0.0107883
14 0.00538674
15 0.00218019
16 0.000575236
17 7.93632e-05
18 3.68426e-06
1 0
2 0.126133
3 0.135866
4 0.294745
5 0.198892
6 0.409383
7 1.00146
8 1.65327
9 1.6076
10 1.64117
11 1.09335
12 1.02285
13 0.737348
14 0.298055
15 0.0266616
16 0.0077777
17 0.00389944
18 0.0264173
19 0.000389893
20 0.0193674
21 0.00489825
22 0.000399922
23 6.92202e-06
24 7.74008e-09
1 0
2 0.126019
3 0.155752
4 0.490346
5 0.870494
6 6.2648
7 3.07442
8 2.21799
9 3.15198
10 2.16692
11 1.66226
12 1.77301
13 1.60234
14 1.99462
15 1.58632
16 1.87884
17 1.86114
18 1.99879
19 1.67192
20 2.03556
21 1.6855
22 2.08365
23 1.77182
24 9.32101
25 2.2527
26 4.1011
27 3.4078
28 2.56202
29 1.80539
30 1.52875
1 0
2 0.126016
3 0.127378
4 0.220274
5 0.173754
6 0.113901
7 0.0668316
8 0.048228
9 0.0389968
10 0.042278
11 0.0329537
12 0.0082638
13 0.000490782
14 0.00669922
15 0.000119279
16 4.2641e-08
2 0.126016
3 0.127378
4 0.220274
5 0.173754
6 0.113901
7 0.0668316
8 0.048228
9 0.0389968
10 0.042278
11 0.0329537
12 0.0082638
13 0.000490782
14 0.00669922
15 0.000119279
16 4.2641e-08
2 0.141357
3 0.218477
4 1.03356
5 2.69878
6 11.4332
7 9.09883
8 398.159
9 11602
10 240.464
11 24497.9
12 85123.8
13 19772.6
14 42848.1
15 17276
16 231753
17 36501.6
18 492577
19 109385
20 903672
21 19769.8
22 457482
23 59543.8
24 32444
25 25550.2
26 23550.6
27 16143.3
28 9427.19
29 9838.18
30 12083.1
2 0.141433
3 0.188278
4 0.482917
5 0.36219
6 0.317613
7 0.266101
8 1.13825
9 1.82861
10 6.05417
11 1.90014
12 1.33264
13 1.27979
14 1.96355
15 56.8432
16 5.63093
17 2.48456
18 3.53684
19 5.90076
20 3.34339
21 2.30086
22 3.64988
23 2.60881
24 2.62845
25 2.68246
26 2.46848
27 2.01037
28 2.98557
29 2.78596
30 2.398
2 0.142197
3 0.127581
4 0.0625718
5 0.0344095
6 0.0254739
7 0.0294366
8 0.0528875
9 0.0819177
10 0.011818
11 0.00591908
12 0.00296209
13 0.00148169
14 0.000741005
15 0.0954901
16 0.453513
17 0.439332
18 0.523287
19 0.296225
20 0.204242
21 0.105102
22 0.0164547
23 0.000438548
24 1.54396e-07
2 0.149338
3 0.12601
4 0.0510856
5 0.0262162
6 0.0170899
7 0.0650327
8 0.0462352
9 0.000683299
10 0.045801
11 0.450185
12 3.20323
13 1.28205
14 0.542367
15 0.479834
16 0.626349
17 0.492612
18 0.207485
19 0.166365
20 0.252526
21 0.201662
22 0.190648
23 0.325095
24 0.342544
25 0.465968
26 0.283964
27 0.274405
28 0.420984
29 0.490424
30 0.120402
2 0.14842
3 0.136782
4 0.0763799
5 0.0415714
6 0.0524362
7 0.0867447
8 0.145285
9 0.185354
10 0.212856
11 0.223375
12 0.131433
13 0.136223
14 0.0870682
15 0.0709921
16 0.0846493
17 0.0430418
18 0.0819344
19 0.07176
20 0.00307222
21 0.00154047
22 0.000771339
23 0.490757
24 0.579627
25 0.348927
26 0.256236
27 0.211577
28 0.407378
29 0.336836
30 0.342554
2 0.14842
3 0.136782
4 0.0763799
5 0.0415714
6 0.0524362
7 0.0867447
8 0.145285
9 0.185354
10 0.212856
11 0.223375
12 0.131433
13 0.136223
14 0.0870682
15 0.0709921
16 0.0846493
17 0.0430418
18 0.0819344
19 0.07176
20 0.00307222
21 0.00154047
22 0.000771339
23 0.332218
24 0.249512
25 0.341072
26 0.702348
27 0.16605
28 0.11806
29 0.186937
30 0.0357666
2 0.148576
3 0.132478
4 0.0504578
5 0.0283581
6 0.0307126
7 0.0452606
8 0.0866664
9 0.111587
10 0.107646
11 0.0873133
12 0.0105694
13 0.0458072
14 0.000885316
15 0.039825
16 0.18536
17 0.156286
18 0.187912
19 0.0711791
20 0.03657
21 0.114403
22 0.00763879
23 0.000112723
24 3.03491e-08
2 0.148835
3 0.127998
4 0.0645238
5 0.0303658
6 0.0227052
7 0.0276851
8 0.0458984
9 0.0661194
10 0.0768165
11 0.00592224
12 3.83212e-05
13 0.0202702
14 0.133571
15 0.161659
16 0.222184
17 0.187386
18 0.0766212
19 0.0706444
20 0.0361248
21 0.114351
22 0.00762334
23 0.000112206
24 3.00736e-08
2 0.148835
3 0.127998
4 0.0645238
5 0.0303658
6 0.0227052
7 0.0276851
8 0.0458984
9 0.0661194
10 0.0768165
11 0.00592224
12 3.83212e-05
13 0.0172545
14 0.0914262
15 0.0846661
16 0.157571
17 0.0381455
18 0.0408538
19 0.0835941
20 0.00442543
21 2.21063e-05
22 9.45357e-10
2 0.148835
3 0.127998
4 0.0645238
5 0.0303658
6 0.0227052
7 0.0276851
8 0.0458984
9 0.0661194
10 0.0768165
11 0.00592224
12 3.83212e-05
13 0.010413
14 0.0531941
15 0.0301818
16 0.0685845
17 0.0824893
18 0.085989
19 0.0856025
20 0.0435808
21 0.0819681
22 0.0717641
23 0.0030728
24 0.00154076
25 0.000771486
26 0.000386022
27 0.0543743
28 0.00218015
29 6.88503e-06
2 0.148835
3 0.127998
4 0.0645238
5 0.0303658
6 0.0227052
7 0.0276851
8 0.0458984
9 0.0661194
10 0.0768165
11 0.00592224
12 3.83212e-05
13 0.010413
14 0.0531941
15 0.0301818
16 0.0685845
17 0.0824893
18 0.085989
19 0.0856025
20 0.0435808
21 0.0819681
22 0.0717641
23 0.0030728
24 0.00154076
25 0.000771486
26 0.000386022
27 0.0543743
28 0.00218015
29 6.88503e-06
2 0.148835
3 0.127998
4 0.0645238
5 0.0303658
6 0.0227052
7 0.0276851
8 0.0458984
9 0.0661194
10 0.0768165
11 0.00592224
12 3.83212e-05
13 0.010413
14 0.0531941
15 0.0301818
16 0.0685845
17 0.0824893
18 0.085989
19 0.0856025
20 0.0435808
21 0.0819681
22 0.0717641
23 0.0030728
24 0.00154076
25 0.000771486
26 0.000386022
27 0.0543743
28 0.00218015
29 6.88503e-06
2 0.148835
3 0.127998
4 0.0645238
5 0.0303658
6 0.0227052
7 0.0276851
8 0.0458984
9 0.0661194
10 0.0768165
11 0.00592224
12 3.83212e-05
13 0.010413
14 0.0531941
15 0.0301818
16 0.0685845
17 0.0824893
18 0.085989
19 0.0856025
20 0.0435808
21 0.0819681
22 0.0717641
23 0.0030728
24 0.00154076
25 0.000771486
26 0.000386022
27 0.0543743
28 0.00218015
29 6.88503e-06
2 0.148835
3 0.127998
4 0.0645238
5 0.0303658
6 0.0227052
7 0.0276851
8 0.0458984
9 0.0661194
10 0.0768165
11 0.00592224
12 3.83212e-05
13 0.010413
14 0.0531941
15 0.0301818
16 0.0685845
17 0.0824893
18 0.085989
19 0.0856025
20 0.0435808
21 0.0819681
22 0.0717641
23 0.0030728
24 0.00154076
25 0.000771486
26 0.000386022
27 0.0543743
28 0.00218015
29 6.88503e-06
2 0.148835
3 0.127998
4 0.0645238
5 0.0303658
6 0.0227052
7 0.0276851
8 0.0458984
9 0.0661194
10 0.0768165
11 0.00592224
12 3.83212e-05
13 0.010413
14 0.0531941
15 0.0301818
16 0.0685845
17 0.0824893
18 0.085989
19 0.0856025
20 0.0435808
21 0.0819681
22 0.0717641
23 0.0030728
24 0.00154076
25 0.000771486
26 0.000386022
27 0.0543743
28 0.00218015
29 6.88503e-06
2 0.148835
3 0.127998
4 0.0645238
5 0.0303658
6 0.0227052
7 0.0276851
8 0.0458984
9 0.0661194
10 0.0768165
11 0.00592224
12 3.83212e-05
13 0.010413
14 0.0531941
15 0.0301818
16 0.0685845
17 0.0824893
18 0.085989
19 0.0856025
20 0.0435808
21 0.0819681
22 0.0717641
23 0.0030728
24 0.00154076
25 0.000771486
26 0.000386022
27 0.0543743
28 0.00218015
29 6.88503e-06
2 0.148835
3 0.127998
4 0.0645238
5 0.0303658
6 0.0227052
7 0.0276851
8 0.0458984
9 0.0661194
10 0.0768165
11 0.00592224
12 3.83212e-05
13 0.010413
14 0.0531941
15 0.0301818
16 0.0685845
17 0.0824893
18 0.085989
19 0.0856025
20 0.0435808
21 0.0819681
22 0.0717641
23 0.0030728
24 0.00154076
25 0.000771486
26 0.000386022
27 0.0543743
28 0.00218015
29 6.88503e-06
2 0.148835
3 0.127998
4 0.0645238
5 0.0303658
6 0.0227052
7 0.0276851
8 0.0458984
9 0.0661194
10 0.0768165
11 0.00592224
12 3.83212e-05
13 0.010413
14 0.0531941
15 0.0301818
16 0.0685845
17 0.0824893
18 0.085989
19 0.0856025
20 0.0435808
21 0.0819681
22 0.0717641
23 0.0030728
24 0.00154076
25 0.000771486
26 0.000386022
27 0.0543743
28 0.00218015
29 6.88503e-06
2 0.148835
3 0.127998
4 0.0645238
5 0.0303658
6 0.0227052
7 0.0276851
8 0.0458984
9 0.0661194
10 0.0768165
11 0.00592224
12 3.83212e-05
13 0.010413
14 0.0531941
15 0.0301818
16 0.0685845
17 0.0824893
18 0.085989
19 0.0856025
20 0.0435808
21 0.0819681
22 0.0717641
23 0.0030728
24 0.00154076
25 0.000771486
26 0.000386022
27 0.0543743
28 0.00218015
29 6.88503e-06
2 0.148835
3 0.127998
4 0.0645238
5 0.0303658
6 0.0227052
7 0.0276851
8 0.0458984
9 0.0661194
10 0.0768165
11 0.00592224
12 3.83212e-05
13 0.010413
14 0.0531941
15 0.0301818
16 0.0685845
17 0.0824893
18 0.085989
19 0.0856025
20 0.0435808
21 0.0819681
22 0.0717641
23 0.0030728
24 0.00154076
25 0.000771486
26 0.000386022
27 0.0543743
28 0.00218015
29 6.88503e-06
2 0.148835
3 0.127998
4 0.0645238
5 0.0303658
6 0.0227052
7 0.0276851
8 0.0458984
9 0.0661194
10 0.0768165
11 0.00592224
12 3.83212e-05
13 0.010413
14 0.0531941
15 0.0301818
16 0.0685845
17 0.0824893
18 0.085989
19 0.0856025
20 0.0435808
21 0.0819681
22 0.0717641
23 0.0030728
24 0.00154076
25 0.000771486
26 0.000386022
27 0.0543743
28 0.00218015
29 6.88503e-06
2 0.148835
3 0.127998
4 0.0645238
5 0.0303658
6 0.0227052
7 0.0276851
8 0.0458984
9 0.0661194
10 0.0768165
11 0.00592224
12 3.83212e-05
13 0.010413
14 0.0531941
15 0.0301818
16 0.0685845
17 0.0824893
18 0.085989
19 0.0856025
20 0.0435808
21 0.0819681
22 0.0717641
23 0.0030728
24 0.00154076
25 0.000771486
26 0.000386022
27 0.0543743
28 0.00218015
29 6.88503e-06
2 0.148835
3 0.127998
4 0.0645238
5 0.0303658
6 0.0227052
7 0.0276851
8 0.0458984
9 0.0661194
10 0.0768165
11 0.00592224
12 3.83212e-05
13 0.010413
14 0.0531941
15 0.0301818
16 0.0685845
17 0.0824893
18 0.085989
19 0.0856025
20 0.0435808
21 0.0819681
22 0.0717641
23 0.0030728
24 0.00154076
25 0.000771486
26 0.000386022
27 0.0543743
28 0.00218015
29 6.88503e-06
2 0.148835
3 0.127998
4 0.0645238
5 0.0303658
6 0.0227052
7 0.0276851
8 0.0458984
9 0.0661194
10 0.0768165
11 0.00592224
12 3.83212e-05
13 0.010413
14 0.0531941
15 0.0301818
16 0.0685845
17 0.0824893
18 0.085989
19 0.0856025
20 0.0435808
21 0.0819681
22 0.0717641
23 0.0030728
24 0.00154076
25 0.000771486
26 0.000386022
27 0.0543743
28 0.00218015
29 6.88503e-06
2 0.148835
3 0.127998
4 0.0645238
5 0.0303658
6 0.0227052
7 0.0276851
8 0.0458984
9 0.0661194
10 0.0768165
11 0.00592224
12 3.83212e-05
13 0.010413
14 0.0531941
15 0.0301818
16 0.0685845
17 0.0824893
18 0.085989
19 0.0856025
20 0.0435808
21 0.0819681
22 0.0717641
23 0.0030728
24 0.00154076
25 0.000771486
26 0.000386022
27 0.0543743
28 0.00218015
29 6.88503e-06
2 0.148835
3 0.127998
4 0.0645238
5 0.0303658
6 0.0227052
7 0.0276851
8 0.0458984
9 0.0661194
10 0.0768165
11 0.00592224
12 3.83212e-05
13 0.010413
14 0.0531941
15 0.0301818
16 0.0685845
17 0.0824893
18 0.085989
19 0.0856025
20 0.0435808
21 0.0819681
22 0.0717641
23 0.0030728
24 0.00154076
25 0.000771486
26 0.000386022
27 0.0543743
28 0.00218015
29 6.88503e-06
2 0.148835
3 0.127998
4 0.0645238
5 0.0303658
6 0.0227052
7 0.0276851
8 0.0458984
9 0.0661194
10 0.0768165
11 0.00592224
12 3.83212e-05
13 0.010413
14 0.0531941
15 0.0301818
16 0.0685845
17 0.0824893
18 0.085989
19 0.0856025
20 0.0435808
21 0.0819681
22 0.0717641
23 0.0030728
24 0.00154076
25 0.000771486
26 0.000386022
27 0.0543743
28 0.00218015
29 6.88503e-06
2 0.148835
3 0.127998
4 0.0645238
5 0.0303658
6 0.0227052
7 0.0276851
8 0.0458984
9 0.0661194
10 0.0768165
11 0.00592224
12 3.83212e-05
13 0.010413
14 0.0531941
15 0.0301818
16 0.0685845
17 0.0824893
18 0.085989
19 0.0856025
20 0.0435808
21 0.0819681
22 0.0717641
23 0.0030728
24 0.00154076
25 0.000771486
26 0.000386022
27 0.0543743
28 0.00218015
29 6.88503e-06
2 0.148835
3 0.127998
4 0.0645238
5 0.0303658
6 0.0227052
7 0.0276851
8 0.0458984
9 0.0661194
10 0.0768165
11 0.00592224
12 3.83212e-05
13 0.010413
14 0.0531941
15 0.0301818
16 0.0685845
17 0.0824893
18 0.085989
19 0.0856025
20 0.0435808
21 0.0819681
22 0.0717641
23 0.0030728
24 0.00154076
25 0.000771486
26 0.000386022
27 0.0543743
28 0.00218015
29 6.88503e-06
2 0.148835
3 0.127998
4 0.0645238
5 0.0303658
6 0.0227052
7 0.0276851
8 0.0458984
9 0.0661194
10 0.0768165
11 0.00592224
12 3.83212e-05
13 0.010413
14 0.0531941
15 0.0301818
16 0.0685845
17 0.0824893
18 0.085989
19 0.0856025
20 0.0435808
21 0.0819681
22 0.0717641
23 0.0030728
24 0.00154076
25 0.000771486
26 0.000386022
27 0.0543743
28 0.00218015
29 6.88503e-06
2 0.148835
3 0.127998
4 0.0645238
5 0.0303658
6 0.0227052
7 0.0276851
8 0.0458984
9 0.0661194
10 0.0768165
11 0.00592224
12 3.83212e-05
13 0.010413
14 0.0531941
15 0.0301818
16 0.0685845
17 0.0824893
18 0.085989
19 0.0856025
20 0.0435808
21 0.0819681
22 0.0717641
23 0.0030728
24 0.00154076
25 0.000771486
26 0.000386022
27 0.0543743
28 0.00218015
29 6.88503e-06
2 0.148835
3 0.127998
4 0.0645238
5 0.0303658
6 0.0227052
7 0.0276851
8 0.0458984
9 0.0661194
10 0.0768165
11 0.00592224
12 3.83212e-05
13 0.010413
14 0.0531941
15 0.0301818
16 0.0685845
17 0.0824893
18 0.085989
19 0.0856025
20 0.0435808
21 0.0819681
22 0.0717641
23 0.0030728
24 0.00154076
25 0.000771486
26 0.000386022
27 0.0543743
28 0.00218015
29 6.88503e-06
2 0.148835
3 0.127998
4 0.0645238
5 0.0303658
6 0.0227052
7 0.0276851
8 0.0458984
9 0.0661194
10 0.0768165
11 0.00592224
12 3.83212e-05
13 0.010413
14 0.0531941
15 0.0301818
16 0.0685845
17 0.0824893
18 0.085989
19 0.0856025
20 0.0435808
21 0.0819681
22 0.0717641
23 0.0030728
24 0.00154076
25 0.000771486
26 0.000386022
27 0.0543743
28 0.00218015
29 6.88503e-06
2 0.148835
3 0.127998
4 0.0645238
5 0.0303658
6 0.0227052
7 0.0276851
8 0.0458984
9 0.0661194
10 0.0768165
11 0.00592224
12 3.83212e-05
13 0.010413
14 0.0531941
15 0.0301818
16 0.0685845
17 0.0824893
18 0.085989
19 0.0856025
20 0.0435808
21 0.0819681
22 0.0717641
23 0.0030728
24 0.00154076
25 0.000771486
26 0.000386022
27 0.0543743
28 0.00218015
29 6.88503e-06
2 0.148835
3 0.127998
4 0.0645238
5 0.0303658
6 0.0227052
7 0.0276851
8 0.0458984
9 0.0661194
10 0.0768165
11 0.00592224
12 3.83212e-05
13 0.010413
14 0.0531941
15 0.0301818
16 0.0685845
17 0.0824893
18 0.085989
19 0.0856025
20 0.0435808
21 0.0819681
22 0.0717641
23 0.0030728
24 0.00154076
25 0.000771486
26 0.000386022
27 0.0543743
28 0.00218015
29 6.88503e-06
2 0.148835
3 0.127998
4 0.0645238
5 0.0303658
6 0.0227052
7 0.0276851
8 0.0458984
9 0.0661194
10 0.0768165
11 0.00592224
12 3.83212e-05
13 0.010413
14 0.0531941
15 0.0301818
16 0.0685845
17 0.0824893
18 0.085989
19 0.0856025
20 0.0435808
21 0.0819681
22 0.0717641
23 0.0030728
24 0.00154076
25 0.000771486
26 0.000386022
27 0.0543743
28 0.00218015
29 6.88503e-06
2 0.148835
3 0.127998
4 0.0645238
5 0.0303658
6 0.0227052
7 0.0276851
8 0.0458984
9 0.0661194
10 0.0768165
11 0.00592224
12 3.83212e-05
13 0.010413
14 0.0531941
15 0.0301818
16 0.0685845
17 0.0824893
18 0.085989
19 0.0856025
20 0.0435808
21 0.0819681
22 0.0717641
23 0.0030728
24 0.00154076
25 0.000771486
26 0.000386022
27 0.0543743
28 0.00218015
29 6.88503e-06
2 0.148835
3 0.127998
4 0.0645238
5 0.0303658
6 0.0227052
7 0.0276851
8 0.0458984
9 0.0661194
10 0.0768165
11 0.00592224
12 3.83212e-05
13 0.010413
14 0.0531941
15 0.0301818
16 0.0685845
17 0.0824893
18 0.085989
19 0.0856025
20 0.0435808
21 0.0819681
22 0.0717641
23 0.0030728
24 0.00154076
25 0.000771486
26 0.000386022
27 0.0543743
28 0.00218015
29 6.88503e-06
2 0.148835
3 0.127998
4 0.0645238
5 0.0303658
6 0.0227052
7 0.0276851
8 0.0458984
9 0.0661194
10 0.0768165
11 0.00592224
12 3.83212e-05
13 0.010413
14 0.0531941
15 0.0301818
16 0.0685845
17 0.0824893
18 0.085989
19 0.0856025
20 0.0435808
21 0.0819681
22 0.0717641
23 0.0030728
24 0.00154076
25 0.000771486
26 0.000386022
27 0.0543743
28 0.00218015
29 6.88503e-06
2 0.148835
3 0.127998
4 0.0645238
5 0.0303658
6 0.0227052
7 0.0276851
8 0.0458984
9 0.0661194
10 0.0768165
11 0.00592224
12 3.83212e-05
13 0.010413
14 0.0531941
15 0.0301818
16 0.0685845
17 0.0824893
18 0.085989
19 0.0856025
20 0.0435808
21 0.0819681
22 0.0717641
23 0.0030728
24 0.00154076
25 0.000771486
26 0.000386022
27 0.0543743
28 0.00218015
29 6.88503e-06
2 0.148835
3 0.127998
4 0.0645238
5 0.0303658
6 0.0227052
7 0.0276851
8 0.0458984
9 0.0661194
10 0.0768165
11 0.00592224
12 3.83212e-05
13 0.010413
14 0.0531941
15 0.0301818
16 0.0685845
17 0.0824893
18 0.085989
19 0.0856025
20 0.0435808
21 0.0819681
22 0.0717641
23 0.0030728
24 0.00154076
25 0.000771486
26 0.000386022
27 0.0543743
28 0.00218015
29 6.88503e-06
2 0.148835
3 0.127998
4 0.0645238
5 0.0303658
6 0.0227052
7 0.0276851
8 0.0458984
9 0.0661194
10 0.0768165
11 0.00592224
12 3.83212e-05
13 0.010413
14 0.0531941
15 0.0301818
16 0.0685845
17 0.0824893
18 0.085989
19 0.0856025
20 0.0435808
21 0.0819681
22 0.0717641
23 0.0030728
24 0.00154076
25 0.000771486
26 0.000386022
27 0.0543743
28 0.00218015
29 6.88503e-06
2 0.148835
3 0.127998
4 0.0645238
5 0.0303658
6 0.0227052
7 0.0276851
8 0.0458984
9 0.0661194
10 0.0768165
11 0.00592224
12 3.83212e-05
13 0.010413
14 0.0531941
15 0.0301818
16 0.0685845
17 0.0824893
18 0.085989
19 0.0856025
20 0.0435808
21 0.0819681
22 0.0717641
23 0.0030728
24 0.00154076
25 0.000771486
26 0.000386022
27 0.0543743
28 0.00218015
29 6.88503e-06
2 0.148835
3 0.127998
4 0.0645238
5 0.0303658
6 0.0227052
7 0.0276851
8 0.0458984
9 0.0661194
10 0.0768165
11 0.00592224
12 3.83212e-05
13 0.010413
14 0.0531941
15 0.0301818
16 0.0685845
17 0.0824893
18 0.085989
19 0.0856025
20 0.0435808
21 0.0819681
22 0.0717641
23 0.0030728
24 0.00154076
25 0.000771486
26 0.000386022
27 0.0543743
28 0.00218015
29 6.88503e-06
2 0.148835
3 0.127998
4 0.0645238
5 0.0303658
6 0.0227052
7 0.0276851
8 0.0458984
9 0.0661194
10 0.0768165
11 0.00592224
12 3.83212e-05
13 0.010413
14 0.0531941
15 0.0301818
16 0.0685845
17 0.0824893
18 0.085989
19 0.0856025
20 0.0435808
21 0.0819681
22 0.0717641
23 0.0030728
24 0.00154076
25 0.000771486
26 0.000386022
27 0.0543743
28 0.00218015
29 6.88503e-06
2 0.148835
3 0.127998
4 0.0645238
5 0.0303658
6 0.0227052
7 0.0276851
8 0.0458984
9 0.0661194
10 0.0768165
11 0.00592224
12 3.83212e-05
13 0.010413
14 0.0531941
15 0.0301818
16 0.0685845
17 0.0824893
18 0.085989
19 0.0856025
20 0.0435808
21 0.0819681
22 0.0717641
23 0.0030728
24 0.00154076
25 0.000771486
26 0.000386022
27 0.0543743
28 0.00218015
29 6.88503e-06
2 0.148835
3 0.127998
4 0.0645238
5 0.0303658
6 0.0227052
7 0.0276851
8 0.0458984
9 0.0661194
10 0.0768165
11 0.00592224
12 3.83212e-05
13 0.010413
14 0.0531941
15 0.0301818
16 0.0685845
17 0.0824893
18 0.085989
19 0.0856025
20 0.0435808
21 0.0819681
22 0.0717641
23 0.0030728
24 0.00154076
25 0.000771486
26 0.000386022
27 0.0543743
28 0.00218015
29 6.88503e-06
2 0.148835
3 0.127998
4 0.0645238
5 0.0303658
6 0.0227052
7 0.0276851
8 0.0458984
9 0.0661194
10 0.0768165
11 0.00592224
12 3.83212e-05
13 0.010413
14 0.0531941
15 0.0301818
16 0.0685845
17 0.0824893
18 0.085989
19 0.0856025
20 0.0435808
21 0.0819681
22 0.0717641
23 0.0030728
24 0.00154076
25 0.000771486
26 0.000386022
27 0.0543743
28 0.00218015
29 6.88503e-06
2 0.148835
3 0.127998
4 0.0645238
5 0.0303658
6 0.0227052
7 0.0276851
8 0.0458984
9 0.0661194
10 0.0768165
11 0.00592224
12 3.83212e-05
13 0.010413
14 0.0531941
15 0.0301818
16 0.0685845
17 0.0824893
18 0.085989
19 0.0856025
20 0.0435808
21 0.0819681
22 0.0717641
23 0.0030728
24 0.00154076
25 0.000771486
26 0.000386022
27 0.0543743
28 0.00218015
29 6.88503e-06
2 0.148835
3 0.127998
4 0.0645238
5 0.0303658
6 0.0227052
7 0.0276851
8 0.0458984
9 0.0661194
10 0.0768165
11 0.00592224
12 3.83212e-05
13 0.010413
14 0.0531941
15 0.0301818
16 0.0685845
17 0.0824893
18 0.085989
19 0.0856025
20 0.0435808
21 0.0819681
22 0.0717641
23 0.0030728
24 0.00154076
25 0.000771486
26 0.000386022
27 0.0543743
28 0.00218015
29 6.88503e-06
2 0.148835
3 0.127998
4 0.0645238
5 0.0303658
6 0.0227052
7 0.0276851
8 0.0458984
9 0.0661194
10 0.0768165
11 0.00592224
12 3.83212e-05
13 0.010413
14 0.0531941
15 0.0301818
16 0.0685845
17 0.0824893
18 0.085989
19 0.0856025
20 0.0435808
21 0.0819681
22 0.0717641
23 0.0030728
24 0.00154076
25 0.000771486
26 0.000386022
27 0.0543743
28 0.00218015
29 6.88503e-06
